test2
3
2
20 20
0.842366 0.95381 0.589001 0.78316 0.687615 0.915753 0.684153 0.312196 0.095978 0.0081991 0.87025 0.266451 0.572944 0.691992 0.0937808 0.0976752 0.0615735 0.206741 0.965432 0.712896 
0.0971076 0.945942 0.712792 0.811726 0.920929 0.946744 0.0618195 0.877378 0.0145089 0.318398 0.0736439 0.856875 0.272209 0.662645 0.640035 0.959824 0.578398 0.324188 0.27202 0.674376 
0.332387 0.14227 0.940827 0.905331 0.834262 0.0346073 0.00300608 0.895835 0.241348 0.968438 0.608731 0.338456 0.91438 0.321522 0.150182 0.835308 0.268266 0.212001 0.712686 0.282775 
0.5304 0.78633 0.13965 0.802608 0.448975 0.779685 0.762432 0.0273728 0.103873 0.0344519 0.701749 0.436259 0.176722 0.642575 0.34159 0.0109832 0.677183 0.344596 0.906818 0.918531 
0.313034 0.515549 0.256986 0.227414 0.837071 0.407168 0.0627219 0.105337 0.61917 0.775408 0.388113 0.14957 0.561738 0.527763 0.952178 0.0107126 0.307448 0.71461 0.0380854 0.41132 
0.749062 0.739834 0.84758 0.925784 0.38241 0.18917 0.936767 0.0595925 0.533766 0.843585 0.978123 0.8468 0.359134 0.235109 0.0742138 0.196205 0.642278 0.136936 0.301543 0.261448 
0.912344 0.689656 0.411017 0.474081 0.217418 0.363195 0.484794 0.524866 0.0778056 0.522879 0.936186 0.826868 0.262714 0.783766 0.752652 0.645123 0.972936 0.689419 0.704716 0.506702 
0.533004 0.682839 0.353502 0.892139 0.917949 0.427716 0.0883441 0.560226 0.564651 0.389887 0.821674 0.476995 0.0795424 0.232691 0.951077 0.296961 0.595887 0.435871 0.821827 0.673692 
0.95875 0.758013 0.50056 0.221464 0.541779 0.253212 0.866587 0.514714 0.942631 0.571303 0.0214161 0.475635 0.254142 0.374918 0.367774 0.172091 0.802634 0.456118 0.732317 0.367285 
0.846005 0.553992 0.84428 0.925547 0.786683 0.795357 0.222508 0.382569 0.231227 0.0443344 0.0562614 0.189977 0.802347 0.556821 0.411441 0.344126 0.810033 0.278028 0.85884 0.752664 
0.849331 0.880256 0.228299 0.103474 0.255174 0.596073 0.275565 0.0578081 0.0521914 0.00788218 0.425093 0.898196 0.561874 0.269374 0.823744 0.348556 0.0647308 0.0462514 0.731126 0.295958 
0.0905858 0.787387 0.485936 0.892933 0.344209 0.897377 0.237059 0.154242 0.175405 0.0958986 0.906906 0.0247364 0.976155 0.135205 0.12821 0.231329 0.731279 0.403775 0.289137 0.78347 
0.411657 0.71423 0.681666 0.973531 0.983604 0.50541 0.322087 0.0483349 0.551661 0.0532128 0.344293 0.642247 0.8406 0.830229 0.53518 0.184808 0.727605 0.772238 0.33905 0.90301 
0.868137 0.245956 0.927747 0.844292 0.381161 0.055957 0.0756204 0.11244 0.459732 0.364757 0.89591 0.871389 0.0789876 0.577576 0.84492 0.0625917 0.0829862 0.167007 0.110927 0.634647 
0.22022 0.45522 0.276894 0.0608196 0.285448 0.812074 0.245628 0.0130538 0.584312 0.584678 0.916064 0.452449 0.830634 0.843811 0.296741 0.211796 0.899768 0.372362 0.324236 0.3595 
0.737119 0.220146 0.230889 0.816106 0.797723 0.0758086 0.878698 0.880709 0.242815 0.989625 0.515356 0.463035 0.444844 0.79225 0.523855 0.730293 0.604324 0.769483 0.743346 0.188637 
0.354161 0.659411 0.641086 0.184795 0.503222 0.937828 0.396591 0.40299 0.310189 0.720827 0.76249 0.0473079 0.940974 0.993379 0.863414 0.738696 0.0691877 0.742112 0.619405 0.312003 
0.731737 0.134761 0.775038 0.176581 0.927012 0.298893 0.906874 0.531336 0.0683753 0.65022 0.719973 0.422536 0.309631 0.36106 0.607332 0.812852 0.298887 0.00392293 0.215842 0.609076 
0.72475 0.978332 0.656384 0.665724 0.971712 0.519799 0.40442 0.0408993 0.261911 0.0238256 0.352902 0.993648 0.158587 0.127941 0.170229 0.0855987 0.426833 0.0771031 0.616935 0.495209 
0.727323 0.336908 0.917745 0.0369538 0.697968 0.525076 0.849806 0.996855 0.528999 0.0656486 0.605931 0.25375 0.0439811 0.262315 0.919474 0.0156927 0.782114 0.323894 0.056592 0.0440245 
