test3
15
1000
100 100
0.510044 0.313636 0.416758 0.0902851 0.892905 0.669838 0.105536 0.290677 0.196822 0.43632 0.26867 0.453883 0.783794 0.648508 0.671648 0.838363 0.512362 0.269945 0.701345 0.378907 0.958733 0.996353 0.818408 0.165535 0.192016 0.341368 0.108019 0.249881 0.646635 0.580993 0.0703136 0.156679 0.894629 0.487072 0.246964 0.787534 0.156909 0.352501 0.0782102 0.353731 0.78882 0.346881 0.807614 0.572614 0.995389 0.479262 0.410977 0.50775 0.749207 0.112322 0.886657 0.70794 0.108675 0.705065 0.873476 0.300691 0.0464328 0.981494 0.550572 0.693068 0.562488 0.620885 0.849747 0.457117 0.107957 0.0967117 0.24465 0.264866 0.449213 0.32286 0.618597 0.238033 0.669741 0.426211 0.810647 0.66513 0.905473 0.221624 0.17288 0.65468 0.333946 0.0595371 0.36262 0.442621 0.764602 0.236096 0.743312 0.811035 0.21759 0.293883 0.504103 0.780078 0.914769 0.35385 0.237195 0.0227254 0.450562 0.481845 0.287592 0.899774 
0.804705 0.906189 0.137807 0.474446 0.3324 0.948454 0.139576 0.237873 0.170078 0.312456 0.892553 0.504024 0.371993 0.255173 0.946645 0.136595 0.491269 0.689957 0.947629 0.70886 0.98384 0.451732 0.488938 0.898609 0.805582 0.726132 0.921334 0.256144 0.207977 0.208926 0.155918 0.0126823 0.115115 0.293725 0.487129 0.447515 0.24218 0.626705 0.685387 0.412258 0.939161 0.57794 0.916282 0.311154 0.833114 0.862928 0.447749 0.324383 0.552884 0.395379 0.0332427 0.536725 0.847111 0.52218 0.435334 0.652693 0.248313 0.356668 0.908837 0.45629 0.565594 0.0647546 0.468972 0.680709 0.35848 0.956101 0.128223 0.60066 0.582805 0.813611 0.0129177 0.521966 0.391551 0.9292 0.833121 0.224665 0.792128 0.28087 0.549048 0.345012 0.676248 0.582291 0.881737 0.523359 0.104471 0.31707 0.176052 0.352784 0.673738 0.0848886 0.809073 0.239332 0.149643 0.278045 0.920041 0.508123 0.234146 0.0482643 0.108783 0.816952 
0.861875 0.1217 0.338918 0.253426 0.0509006 0.172039 0.478091 0.843028 0.452909 0.0271393 0.18804 0.129157 0.60943 0.069777 0.652516 0.713901 0.386847 0.828568 0.0666847 0.0605856 0.913457 0.875758 0.299918 0.0631 0.153804 0.219959 0.571223 0.38795 0.268223 0.680006 0.204901 0.130098 0.801706 0.54382 0.383525 0.852607 0.715858 0.861616 0.695635 0.168767 0.888755 0.883675 0.297924 0.498185 0.953452 0.95044 0.212086 0.340299 0.779008 0.278771 0.400885 0.692465 0.154529 0.700803 0.755565 0.308333 0.920762 0.326788 0.696283 0.188985 0.00679362 0.901184 0.319083 0.8085 0.445004 0.702608 0.661106 0.160862 0.564224 0.356741 0.329629 0.45298 0.240416 0.627553 0.951165 0.193869 0.577993 0.163252 0.534168 0.357001 0.442023 0.935053 0.0494656 0.596552 0.635856 0.80503 0.904885 0.556618 0.131818 0.601168 0.745603 0.138612 0.502352 0.0646862 0.947112 0.947356 0.767294 0.608218 0.108218 0.331519 
0.964959 0.437847 0.784499 0.205376 0.0653996 0.735664 0.399244 0.643392 0.898915 0.933413 0.000392874 0.340938 0.868466 0.0498585 0.93749 0.504322 0.854889 0.842375 0.0609395 0.986707 0.443543 0.806542 0.125319 0.945895 0.871229 0.0724308 0.893251 0.638523 0.680649 0.00146879 0.970042 0.645608 0.439316 0.75454 0.850984 0.504715 0.490204 0.250228 0.148107 0.389119 0.183641 0.1485 0.730057 0.0521064 0.198359 0.667547 0.556428 0.0532476 0.509922 0.617368 0.0399548 0.953465 0.42391 0.165274 0.89936 0.295138 0.237705 0.792611 0.933661 0.918354 0.79408 0.903703 0.563962 0.233395 0.658243 0.414945 0.738111 0.148447 0.665174 0.886218 0.537567 0.848814 0.0347182 0.267624 0.900921 0.233077 0.935171 0.457349 0.286325 0.445093 0.0747164 0.326279 0.398559 0.498626 0.491553 0.297919 0.793765 0.729258 0.0905294 0.727426 0.647612 0.884609 0.631129 0.211573 0.118004 0.289372 0.626519 0.856115 0.43782 0.291692 
0.742333 0.975386 0.140507 0.777051 0.24301 0.0414276 0.010128 0.178181 0.498776 0.296453 0.623274 0.573493 0.622732 0.0218331 0.0721191 0.114285 0.319752 0.865884 0.843544 0.410281 0.59331 0.491155 0.29489 0.224439 0.702729 0.412894 0.513811 0.329248 0.269009 0.951631 0.62094 0.0113418 0.927017 0.761447 0.788393 0.170027 0.802874 0.798521 0.348208 0.301651 0.0949734 0.971482 0.875144 0.717705 0.993316 0.947263 0.831991 0.313067 0.813147 0.675535 0.723348 0.406456 0.16669 0.0182385 0.630895 0.869419 0.431133 0.144706 0.198666 0.700142 0.0963372 0.819606 0.711484 0.0233542 0.581053 0.499877 0.193381 0.383927 0.298397 0.541589 0.685578 0.393371 0.513072 0.560722 0.111076 0.506387 0.507984 0.943067 0.819454 0.321131 0.618602 0.542803 0.727587 0.785291 0.561041 0.358482 0.65471 0.992174 0.503189 0.853376 0.692316 0.599526 0.672982 0.4038 0.62288 0.254035 0.903677 0.816261 0.637963 0.202074 
0.357851 0.323541 0.595445 0.870922 0.884262 0.706521 0.377309 0.392247 0.649588 0.196764 0.713378 0.26819 0.739566 0.440965 0.0534815 0.300608 0.799447 0.708192 0.292782 0.302636 0.561568 0.985098 0.902162 0.23455 0.388898 0.525042 0.488585 0.292575 0.341304 0.126548 0.494649 0.699154 0.450088 0.0900944 0.570076 0.334351 0.796616 0.947385 0.726597 0.446204 0.144149 0.439975 0.714394 0.883715 0.88094 0.767876 0.184323 0.680387 0.476067 0.477105 0.983023 0.037635 0.462203 0.885185 0.272185 0.851102 0.410227 0.76077 0.143677 0.75153 0.887318 0.638326 0.450684 0.337407 0.728421 0.0207606 0.671758 0.525036 0.968146 0.398355 0.97124 0.112295 0.83833 0.685634 0.99601 0.71927 0.45351 0.180334 0.399657 0.929577 0.657439 0.382679 0.967212 0.119642 0.267864 0.239397 0.970744 0.678091 0.00016763 0.114421 0.429621 0.887486 0.752747 0.880306 0.224893 0.481167 0.901066 0.89665 0.00620367 0.869212 
0.295005 0.977444 0.981507 0.133335 0.663078 0.977518 0.852605 0.116588 0.157851 0.252262 0.0461654 0.81529 0.634941 0.0133774 0.934932 0.902805 0.252775 0.905676 0.580896 0.252942 0.0200969 0.0105178 0.140428 0.772844 0.890824 0.365321 0.254011 0.79189 0.261971 0.260215 0.661102 0.556977 0.237659 0.642609 0.690312 0.900737 0.620127 0.542917 0.0173255 0.777978 0.795179 0.0634909 0.593268 0.43012 0.0768683 0.5282 0.332925 0.329643 0.433876 0.913822 0.582585 0.453973 0.92434 0.723013 0.226817 0.815163 0.0883343 0.480828 0.607053 0.350306 0.741043 0.268155 0.907283 0.978702 0.910765 0.597595 0.879439 0.530892 0.140512 0.896765 0.30887 0.935691 0.960256 0.902138 0.365811 0.0371238 0.430339 0.698736 0.366767 0.864215 0.612558 0.949352 0.318188 0.536898 0.672365 0.545005 0.352061 0.760699 0.0258336 0.959114 0.111005 0.766877 0.22727 0.0182876 0.745579 0.138035 0.615882 0.625018 0.668926 0.756394 
0.521783 0.977796 0.692085 0.482038 0.879935 0.0578958 0.519162 0.310273 0.756632 0.885929 0.174488 0.36919 0.83528 0.492676 0.906088 0.507645 0.0376818 0.258149 0.268345 0.0635154 0.217263 0.37935 0.830392 0.444533 0.397637 0.575971 0.582567 0.0135195 0.200989 0.251494 0.769914 0.722771 0.22929 0.461999 0.204809 0.109225 0.519895 0.723971 0.419498 0.276527 0.6099 0.593986 0.645717 0.44518 0.0866629 0.551805 0.952826 0.124345 0.809953 0.22117 0.18786 0.0272166 0.60052 0.0182522 0.47175 0.998157 0.594223 0.0543169 0.0116764 0.795212 0.305811 0.78159 0.517983 0.535101 0.243589 0.722793 0.644326 0.763483 0.446764 0.0638242 0.04001 0.0566641 0.657811 0.685727 0.501844 0.744474 0.237531 0.45467 0.868818 0.0474848 0.67584 0.0566783 0.0747014 0.27636 0.0749305 0.546451 0.274517 0.669154 0.600768 0.286193 0.464365 0.906579 0.0677832 0.982349 0.44168 0.311372 0.705141 0.0860056 0.0748555 0.151905 
0.14983 0.114866 0.208569 0.80764 0.800592 0.710414 0.552114 0.0381236 0.165084 0.420932 0.0856084 0.840924 0.47761 0.16031 0.117284 0.552541 0.706761 0.3918 0.221695 0.307529 0.677993 0.68606 0.214107 0.745776 0.668409 0.655787 0.0571485 0.37355 0.741792 0.132004 0.525456 0.891622 0.24687 0.734025 0.699263 0.047462 0.444439 0.251377 0.0855856 0.609523 0.672309 0.171194 0.450447 0.149919 0.331504 0.56773 0.70246 0.0382645 0.959531 0.924155 0.345793 0.637524 0.610215 0.5599 0.3833 0.278624 0.215687 0.440449 0.652174 0.957479 0.572453 0.17763 0.849102 0.819323 0.911655 0.548364 0.866785 0.356094 0.799741 0.95237 0.965617 0.47205 0.123564 0.416063 0.621969 0.455068 0.983794 0.324429 0.493333 0.943324 0.248584 0.839126 0.580848 0.858799 0.399026 0.964149 0.137423 0.614713 0.404598 0.789597 0.572192 0.977051 0.967227 0.421294 0.796373 0.878882 0.969658 0.663158 0.234975 0.769399 
0.615528 0.200592 0.241449 0.739092 0.616655 0.863418 0.19416 0.600449 0.187847 0.687493 0.543773 0.436432 0.526619 0.124622 0.295231 0.925644 0.0887704 0.432654 0.540357 0.493368 0.222251 0.112549 0.470419 0.189478 0.533843 0.266792 0.0683596 0.503501 0.92995 0.303335 0.2729 0.545478 0.503927 0.514349 0.28457 0.120582 0.377767 0.478731 0.721032 0.565614 0.166224 0.264805 0.00204605 0.692842 0.389427 0.297277 0.618486 0.478197 0.729931 0.158843 0.971565 0.952182 0.271393 0.441984 0.14166 0.805235 0.708776 0.21002 0.308736 0.638726 0.513355 0.581636 0.184203 0.017282 0.0959855 0.468774 0.137864 0.473753 0.947504 0.858896 0.0393669 0.113728 0.123701 0.041413 0.80657 0.513128 0.33869 0.425057 0.991325 0.068621 0.5839 0.962891 0.0208032 0.855293 0.404875 0.162463 0.660528 0.11365 0.372483 0.969264 0.752376 0.885838 0.550901 0.936579 0.90312 0.646886 0.405353 0.0409846 0.120639 0.352857 
0.899881 0.160006 0.466586 0.0235818 0.201419 0.273156 0.53671 0.540109 0.698213 0.528035 0.60873 0.282113 0.490926 0.629533 0.137406 0.8958 0.791996 0.797934 0.00945063 0.164479 0.767198 0.761826 0.0503175 0.318099 0.698406 0.953438 0.964985 0.103759 0.994422 0.0856242 0.456616 0.894303 0.24563 0.923202 0.917885 0.447049 0.196358 0.454594 0.987157 0.89457 0.98263 0.595887 0.176683 0.473555 0.22542 0.314089 0.369356 0.0174161 0.112022 0.378806 0.181895 0.87922 0.140633 0.232213 0.197319 0.839038 0.185651 0.162304 0.942797 0.180073 0.247929 0.399413 0.0743756 0.493559 0.322615 0.99226 0.940607 0.518972 0.446855 0.927765 0.413543 0.429484 0.523652 0.590226 0.90304 0.749072 0.904314 0.272395 0.766488 0.0163363 0.651202 0.948383 0.895557 0.791834 0.180596 0.0928756 0.630873 0.366247 0.25518 0.57367 0.546319 0.503109 0.973083 0.620695 0.996667 0.295698 0.612955 0.937275 0.814671 0.0598099 
0.865039 0.228213 0.489294 0.388691 0.818439 0.392334 0.137763 0.722753 0.664729 0.904251 0.739089 0.315931 0.852634 0.634646 0.107765 0.0332303 0.727521 0.738638 0.399477 0.982701 0.312308 0.945796 0.48581 0.285391 0.566491 0.482477 0.581089 0.179447 0.419752 0.39576 0.239257 0.284792 0.623973 0.728551 0.673483 0.442412 0.120885 0.811246 0.165165 0.785614 0.715497 0.904254 0.101545 0.568131 0.5389 0.20931 0.601361 0.266421 0.947947 0.000838127 0.249123 0.260255 0.946635 0.734933 0.545646 0.513126 0.21741 0.126735 0.692573 0.637162 0.522495 0.931829 0.921954 0.146468 0.66038 0.595437 0.588879 0.781265 0.406683 0.754044 0.566879 0.12218 0.658298 0.668423 0.69031 0.197198 0.877733 0.291671 0.463619 0.82568 0.29251 0.712742 0.0859352 0.239144 0.447674 0.631581 0.75227 0.665085 0.758316 0.444843 0.302247 0.280811 0.376672 0.224201 0.427279 0.0370519 0.819638 0.0161578 0.818317 0.226321 
0.770202 0.385195 0.3485 0.428499 0.0536182 0.0388106 0.625697 0.931351 0.330482 0.0893159 0.757031 0.622992 0.802057 0.842966 0.862136 0.249732 0.474548 0.614406 0.914816 0.232864 0.0592489 0.217064 0.513675 0.435921 0.441265 0.940954 0.472973 0.260903 0.957111 0.291289 0.487223 0.727313 0.676484 0.835724 0.155812 0.730103 0.874534 0.78151 0.661454 0.205016 0.870825 0.418485 0.828008 0.672883 0.261451 0.690144 0.922615 0.735999 0.30455 0.837431 0.968863 0.363799 0.0544947 0.482538 0.79972 0.495759 0.423491 0.272693 0.756662 0.380602 0.563982 0.243885 0.107915 0.240466 0.0796091 0.263728 0.970569 0.954143 0.0452374 0.632023 0.15916 0.916063 0.0505077 0.987168 0.588946 0.311959 0.677312 0.51156 0.0479576 0.981862 0.348991 0.0168203 0.345661 0.403486 0.499358 0.145381 0.899245 0.922849 0.418073 0.655908 0.303452 0.982055 0.899793 0.411367 0.222522 0.979402 0.675095 0.193091 0.933545 0.720332 
0.825114 0.092705 0.636395 0.875621 0.0798728 0.225341 0.18758 0.757184 0.736901 0.235538 0.739046 0.0858922 0.252358 0.084707 0.489378 0.751716 0.230088 0.388624 0.674565 0.648161 0.0445314 0.978017 0.630216 0.944324 0.389384 0.852738 0.923726 0.0644784 0.0458284 0.857272 0.78481 0.870942 0.949977 0.421205 0.746564 0.0298496 0.646546 0.934144 0.787034 0.383447 0.169682 0.52608 0.469339 0.42204 0.610787 0.958717 0.173756 0.840875 0.347341 0.848321 0.489036 0.391872 0.826338 0.119252 0.336197 0.215722 0.971989 0.259923 0.2802 0.0178176 0.117195 0.0650105 0.88876 0.0671718 0.486216 0.635323 0.0970214 0.132762 0.569467 0.884055 0.516208 0.739149 0.410136 0.985547 0.161188 0.0209231 0.944264 0.334944 0.861798 0.291605 0.183266 0.350834 0.683478 0.00960374 0.470085 0.0196745 0.225325 0.442074 0.279598 0.505526 0.459892 0.396793 0.570536 0.348652 0.463965 0.0567518 0.983975 0.560986 0.189513 0.553442 
0.445041 0.705721 0.292591 0.855177 0.691269 0.453779 0.8761 0.635533 0.788724 0.737898 0.927138 0.971989 0.088732 0.610616 0.981593 0.558817 0.63029 0.206918 0.000891739 0.909888 0.712444 0.460784 0.306681 0.28298 0.809436 0.770645 0.339732 0.793411 0.331631 0.529245 0.346853 0.776672 0.234967 0.639443 0.63185 0.926235 0.0932226 0.50795 0.561768 0.881946 0.245849 0.488906 0.853936 0.334581 0.0995218 0.835529 0.893398 0.729812 0.042447 0.89429 0.6397 0.754891 0.355073 0.946381 0.037871 0.164509 0.717026 0.377603 0.95792 0.0486567 0.906848 0.304773 0.825329 0.141814 0.944216 0.457179 0.0680494 0.0374387 0.965129 0.629817 0.919385 0.210978 0.118723 0.77332 0.545558 0.218245 0.608849 0.438956 0.948057 0.651296 0.333245 0.587757 0.406187 0.688319 0.534138 0.444058 0.852828 0.251163 0.821661 0.810748 0.29982 0.728509 0.11552 0.125149 0.870323 0.0597362 0.582328 0.938372 0.0971749 0.547457 
0.56819 0.0165597 0.758435 0.686913 0.78988 0.303993 0.905158 0.398729 0.742949 0.853216 0.050025 0.0761945 0.440973 0.456212 0.764513 0.975111 0.90027 0.617341 0.226274 0.721931 0.428089 0.526094 0.450439 0.543609 0.651243 0.320762 0.603345 0.233572 0.259135 0.70052 0.781029 0.827324 0.71708 0.539464 0.514237 0.50696 0.843457 0.419396 0.905689 0.586406 0.272611 0.955714 0.662601 0.713584 0.411926 0.427114 0.688694 0.312196 0.0444552 0.914968 0.0341271 0.472544 0.441062 0.484567 0.0161533 0.0923058 0.805329 0.619499 0.325878 0.0644635 0.320019 0.106907 0.891788 0.0370986 0.646371 0.406025 0.544059 0.489828 0.825421 0.449748 0.0762337 0.0980322 0.405462 0.738834 0.811616 0.817388 0.165948 0.500311 0.129584 0.210403 0.415279 0.163712 0.682948 0.856341 0.648278 0.699101 0.948647 0.453607 0.318599 0.274525 0.51807 0.638618 0.381431 0.409858 0.675717 0.0278017 0.815884 0.219775 0.517629 0.641305 
0.669523 0.593863 0.739337 0.0749851 0.332697 0.550953 0.892373 0.498645 0.0512635 0.0219577 0.709049 0.466542 0.185669 0.391996 0.322884 0.833947 0.0910973 0.271531 0.287554 0.409697 0.546056 0.805625 0.0483148 0.927487 0.215483 0.724032 0.955288 0.0313667 0.943807 0.472918 0.672671 0.61333 0.0667808 0.412008 0.688315 0.399478 0.962961 0.580689 0.898124 0.0142248 0.602646 0.607172 0.480767 0.788316 0.999169 0.803651 0.622263 0.0902661 0.0751818 0.909817 0.499963 0.621237 0.715442 0.548278 0.548724 0.930925 0.272309 0.504013 0.962292 0.216116 0.97693 0.634963 0.829446 0.0437112 0.0469712 0.517762 0.443189 0.00993244 0.0984506 0.341313 0.0241572 0.701097 0.948485 0.504924 0.489413 0.947654 0.308575 0.111675 0.0379201 0.383757 0.0214924 0.537883 0.00499447 0.736934 0.0861605 0.553719 0.667859 0.35847 0.0577311 0.63015 0.574586 0.0346615 0.265113 0.404032 0.0783728 0.312084 0.921794 0.521562 0.322017 0.0202449 
0.862875 0.346174 0.721342 0.81136 0.851099 0.210754 0.759014 0.159674 0.32243 0.796934 0.543431 0.343922 0.334817 0.548425 0.0808562 0.420978 0.102144 0.748715 0.779447 0.159875 0.378865 0.354033 0.194537 0.643979 0.758066 0.272909 0.956063 0.67986 0.794472 0.27808 0.700105 0.657347 0.624254 0.421447 0.468707 0.475353 0.632201 0.227721 0.635027 0.954631 0.0246553 0.178458 0.298553 0.359473 0.726883 0.379409 0.78045 0.829027 0.128124 0.559898 0.988903 0.50699 0.913931 0.183439 0.150968 0.671997 0.456349 0.107032 0.351857 0.25082 0.385112 0.0519614 0.908167 0.00936624 0.473408 0.376874 0.484719 0.105609 0.604594 0.119746 0.0602398 0.62925 0.298204 0.358793 0.988722 0.0250873 0.738201 0.769173 0.854115 0.866326 0.329071 0.843017 0.373315 0.243002 0.0264565 0.524283 0.914998 0.482805 0.631315 0.266855 0.733626 0.0164268 0.318816 0.641792 0.0257931 0.792224 0.0186659 0.510512 0.897834 0.62326 
0.630258 0.958073 0.25251 0.928462 0.316866 0.241233 0.953549 0.0550674 0.0104052 0.807664 0.921393 0.339476 0.650681 0.294708 0.582477 0.677138 0.818991 0.497476 0.159943 0.450306 0.764331 0.893568 0.466733 0.0831469 0.535361 0.492526 0.875371 0.554027 0.00303832 0.773205 0.177287 0.633297 0.731278 0.429797 0.561759 0.048144 0.67103 0.515308 0.103211 0.681435 0.322972 0.0246042 0.0209108 0.973654 0.319312 0.603388 0.650791 0.138303 0.100864 0.810734 0.58861 0.865194 0.704303 0.0553425 0.948341 0.239664 0.547869 0.823713 0.79369 0.550907 0.596918 0.970978 0.184204 0.328196 0.400775 0.745962 0.37634 0.0718047 0.261271 0.479551 0.75324 0.584243 0.504155 0.774151 0.557897 0.823467 0.377539 0.208688 0.961771 0.478403 0.0194224 0.55038 0.343597 0.723725 0.605723 0.291938 0.963389 0.153591 0.115651 0.757079 0.704498 0.712568 0.728057 0.888702 0.0407641 0.128832 0.634664 0.417104 0.200637 0.895935 
0.896655 0.953876 0.480178 0.40081 0.728027 0.0380743 0.224278 0.105566 0.246762 0.186048 0.583968 0.266185 0.736429 0.927565 0.98991 0.342152 0.219503 0.953299 0.495743 0.335154 0.710378 0.200242 0.0477224 0.438435 0.0889435 0.0884865 0.567267 0.723608 0.50559 0.767904 0.619543 0.402245 0.72178 0.0997204 0.803055 0.449807 0.137795 0.027333 0.555373 0.384557 0.213382 0.139341 0.650742 0.94981 0.0669059 0.640651 0.291962 0.286409 0.59395 0.787705 0.621563 0.304328 0.987947 0.669286 0.742764 0.0768905 0.757772 0.310031 0.800498 0.263362 0.0779353 0.420041 0.665607 0.799716 0.519761 0.468663 0.249523 0.657556 0.495996 0.804896 0.0421128 0.709377 0.944237 0.692854 0.659188 0.0111427 0.333506 0.95115 0.297552 0.927456 0.738855 0.919115 0.231784 0.726802 0.5884 0.974548 0.803693 0.346173 0.28458 0.604191 0.609535 0.362515 0.0242317 0.275142 0.162231 0.543993 0.743805 0.411754 0.201549 0.239801 
0.21665 0.243662 0.949178 0.160886 0.936516 0.608366 0.172029 0.270022 0.559516 0.469581 0.197478 0.298371 0.388696 0.429262 0.0251729 0.977096 0.40381 0.828865 0.323269 0.68839 0.433056 0.932804 0.0509049 0.457288 0.207946 0.213136 0.00128097 0.951751 0.624889 0.20283 0.191552 0.841539 0.446492 0.14073 0.00242512 0.383008 0.749096 0.174454 0.653029 0.308612 0.644035 0.850507 0.606983 0.0327309 0.279769 0.632156 0.00982718 0.68358 0.461021 0.333096 0.37197 0.894078 0.2659 0.422875 0.351366 0.473846 0.63601 0.352647 0.425597 0.260899 0.555477 0.617149 0.102438 0.00196806 0.757879 0.104863 0.384976 0.506976 0.279318 0.0380051 0.815588 0.923353 0.888512 0.422571 0.956084 0.168281 0.054727 0.965911 0.851861 0.515748 0.299007 0.223831 0.409826 0.564906 0.646706 0.761192 0.0387522 0.282716 0.113838 0.464349 0.543616 0.669315 0.0814982 0.646054 0.671283 0.839378 0.750917 0.0562586 0.346354 0.0302347 
0.0942637 0.161942 0.953587 0.982776 0.584513 0.909671 0.151057 0.639239 0.875582 0.00291866 0.154988 0.174588 0.22675 0.564814 0.739495 0.873456 0.326006 0.778247 0.156172 0.439844 0.242596 0.699787 0.109159 0.324095 0.345841 0.780442 0.163472 0.0967582 0.836701 0.509826 0.126993 0.930964 0.671767 0.0805803 0.91374 0.25628 0.990251 0.0647976 0.895519 0.865833 0.0677163 0.050507 0.0404215 0.294466 0.615321 0.779916 0.167922 0.941327 0.558164 0.324093 0.381171 0.80076 0.0238805 0.49033 0.124854 0.369722 0.270772 0.288327 0.46648 0.107472 0.798152 0.593473 0.0384364 0.46992 0.674053 0.952177 0.726199 0.664304 0.0169742 0.621719 0.530137 0.0846905 0.672226 0.570559 0.379156 0.287547 0.350475 0.547078 0.228873 0.908639 0.871171 0.610044 0.709399 0.895052 0.100373 0.834253 0.264773 0.371145 0.12258 0.731253 0.478617 0.920732 0.324726 0.517053 0.390652 0.998779 0.46923 0.116851 0.663083 0.486204 
0.73857 0.19322 0.570894 0.410796 0.763779 0.950051 0.698342 0.114254 0.497129 0.927216 0.0228927 0.3683 0.537259 0.732291 0.263352 0.637633 0.566545 0.528125 0.00877737 0.689124 0.259378 0.487394 0.609857 0.584104 0.00444753 0.000508686 0.582882 0.473677 0.11736 0.245965 0.959881 0.85593 0.439185 0.530776 0.266726 0.202964 0.480827 0.965068 0.317218 0.977956 0.892284 0.340111 0.346256 0.429543 0.072402 0.609608 0.0671758 0.638947 0.137733 0.0759532 0.328071 0.397111 0.563347 0.937928 0.981215 0.567795 0.938436 0.564097 0.0414723 0.0557964 0.810063 0.00135375 0.911727 0.249248 0.53213 0.178453 0.452212 0.0129565 0.143521 0.76943 0.990912 0.0358051 0.10954 0.337168 0.465348 0.181942 0.946776 0.532524 0.820889 0.0845093 0.608477 0.14896 0.481621 0.171825 0.0868876 0.462836 0.73962 0.0253239 0.0269329 0.781092 0.0811203 0.836995 0.782446 0.992847 0.0862432 0.314575 0.1713 0.538455 0.327532 0.314821 
0.307885 0.318444 0.350626 0.417425 0.655612 0.815974 0.599368 0.602389 0.348498 0.420257 0.686898 0.956976 0.569217 0.168518 0.128801 0.656104 0.631354 0.86842 0.681428 0.658287 0.649512 0.762548 0.495282 0.431958 0.755395 0.581525 0.746534 0.926695 0.11998 0.0740654 0.241516 0.427865 0.39251 0.592142 0.84529 0.0481219 0.408116 0.444658 0.65051 0.756615 0.864915 0.337408 0.713591 0.434132 0.505927 0.842391 0.0902361 0.137281 0.710811 0.771664 0.795567 0.360324 0.534213 0.29085 0.792282 0.289608 0.872375 0.538815 0.216303 0.992356 0.612881 0.457819 0.420221 0.00539018 0.0499615 0.265511 0.0535121 0.458078 0.71017 0.704023 0.214693 0.575085 0.0414308 0.928283 0.00921635 0.547357 0.770675 0.0994525 0.684638 0.481486 0.871117 0.480206 0.84181 0.40533 0.771055 0.634091 0.694938 0.64343 0.172907 0.911241 0.635786 0.785787 0.369061 0.0560067 0.791177 0.419022 0.321518 0.844689 0.8771 0.0316875 
0.548712 0.0917928 0.606772 0.590143 0.0200762 0.615988 0.1375 0.790751 0.715441 0.822138 0.272237 0.586558 0.302344 0.114046 0.991887 0.073399 0.748137 0.686825 0.716829 0.921044 0.598066 0.352615 0.706831 0.967127 0.408622 0.498008 0.386149 0.73014 0.342698 0.263249 0.761827 0.89141 0.355042 0.3686 0.481553 0.375118 0.984588 0.619053 0.165869 0.700029 0.441191 0.438106 0.286587 0.743535 0.552152 0.278474 0.816934 0.300289 0.965299 0.533764 0.221333 0.563365 0.886379 0.928164 0.530492 0.295001 0.426173 0.916641 0.0251406 0.768871 0.179891 0.786968 0.660281 0.534933 0.155568 0.141833 0.910051 0.140156 0.760886 0.0759204 0.840184 0.202078 0.514026 0.126771 0.945613 0.066178 0.405245 0.762547 0.366467 0.370544 0.29631 0.587801 0.933909 0.182689 0.515965 0.464401 0.47769 0.942138 0.381042 0.502831 0.711009 0.560933 0.289799 0.371289 0.0958657 0.445366 0.513123 0.00591703 0.585522 0.274009 
0.0818375 0.425706 0.476087 0.595864 0.552477 0.421699 0.662042 0.957722 0.184246 0.028509 0.328265 0.480557 0.61631 0.262174 0.663246 0.132275 0.726575 0.140936 0.0744124 0.107617 0.643767 0.785421 0.668549 0.933565 0.15671 0.764415 0.378931 0.669833 0.770332 0.964453 0.943842 0.85217 0.390159 0.419929 0.448033 0.942636 0.841629 0.110075 0.900358 0.025875 0.138584 0.228623 0.506432 0.754893 0.490797 0.169678 0.887168 0.217372 0.310614 0.96158 0.324988 0.954381 0.747001 0.993538 0.887946 0.903712 0.757953 0.266877 0.573545 0.528285 0.23133 0.517387 0.380455 0.62149 0.937317 0.828488 0.564126 0.778945 0.938563 0.464484 0.80482 0.0771466 0.693107 0.311252 0.83204 0.183904 0.48093 0.719208 0.401276 0.791544 0.680788 0.726264 0.745925 0.427789 0.719802 0.633871 0.331501 0.477755 0.900748 0.905046 0.00604023 0.132078 0.422434 0.386495 0.753568 0.35975 0.214983 0.317694 0.138695 0.153546 
0.782178 0.943516 0.230692 0.475285 0.254767 0.0627322 0.659189 0.735697 0.78194 0.0604653 0.527241 0.462728 0.78673 0.273166 0.890518 0.506532 0.907037 0.222019 0.984287 0.807785 0.127065 0.990327 0.939863 0.549499 0.376822 0.693431 0.909249 0.591805 0.0111245 0.0479447 0.745351 0.793302 0.99146 0.976043 0.268587 0.246228 0.0387751 0.927776 0.981925 0.820715 0.988242 0.509167 0.283443 0.774971 0.782333 0.173961 0.281503 0.689369 0.39598 0.265791 0.497154 0.523045 0.256118 0.437016 0.0725435 0.63294 0.130447 0.981793 0.224746 0.141572 0.0297375 0.970096 0.934874 0.0211978 0.946139 0.203461 0.267426 0.984914 0.131237 0.249351 0.80563 0.119479 0.758517 0.0890727 0.89445 0.54085 0.263033 0.175954 0.230219 0.659013 0.441745 0.727373 0.182058 0.697863 0.164389 0.254601 0.330803 0.294836 0.236394 0.555549 0.436408 0.266131 0.525645 0.371282 0.287329 0.471784 0.574743 0.554755 0.456699 0.70598 
0.804105 0.262328 0.825459 0.562622 0.351401 0.719909 0.103472 0.614435 0.895863 0.333691 0.273448 0.337608 0.0610636 0.455505 0.0354706 0.225453 0.710106 0.366274 0.520289 0.9465 0.921823 0.956697 0.212631 0.447468 0.327979 0.499961 0.919252 0.902722 0.0547151 0.375951 0.608702 0.85882 0.63828 0.434161 0.421443 0.989681 0.15407 0.524915 0.604115 0.0499335 0.858606 0.877563 0.387541 0.91967 0.333068 0.423012 0.145122 0.043174 0.789286 0.665411 0.989674 0.711108 0.622108 0.202305 0.158576 0.950087 0.702266 0.0778284 0.852809 0.756981 0.45378 0.46151 0.615801 0.0920591 0.895671 0.0372443 0.0817398 0.0497413 0.562159 0.685855 0.0996748 0.420765 0.563418 0.487216 0.340435 0.896486 0.910228 0.485557 0.93966 0.699514 0.150968 0.929334 0.410622 0.773077 0.131639 0.569198 0.723164 0.833905 0.647027 0.575972 0.590886 0.100806 0.0374825 0.206688 0.192865 0.933154 0.243932 0.274605 0.982895 0.806091 
0.96046 0.0825696 0.226857 0.523878 0.569786 0.567292 0.420364 0.480014 0.0528487 0.360024 0.179528 0.203817 0.289358 0.59015 0.976894 0.420997 0.159348 0.700057 0.254902 0.806375 0.276029 0.845789 0.907181 0.313512 0.0524764 0.100047 0.246665 0.296409 0.374652 0.22956 0.1025 0.335112 0.31213 0.329357 0.85899 0.881915 0.896648 0.279354 0.361929 0.949497 0.639378 0.541457 0.153314 0.928736 0.131607 0.130208 0.349733 0.290955 0.830265 0.604635 0.0973297 0.106295 0.450424 0.00451091 0.419806 0.5029 0.104558 0.666472 0.799309 0.479209 0.896032 0.901809 0.814322 0.208162 0.231165 0.673312 0.0900772 0.127814 0.952667 0.452006 0.0773108 0.592045 0.993463 0.230625 0.520781 0.12507 0.360833 0.870514 0.416025 0.191098 0.475149 0.513355 0.297393 0.925572 0.517866 0.717199 0.428472 0.622423 0.383671 0.227781 0.101632 0.279703 0.12959 0.915954 0.487865 0.360755 0.589266 0.577942 0.488569 0.541933 
0.0299482 0.56588 0.133978 0.0234116 0.796505 0.654758 0.148482 0.157338 0.525272 0.564507 0.348436 0.000420419 0.0778613 0.645828 0.925993 0.595727 0.363027 0.354465 0.21815 0.746698 0.582246 0.319783 0.0264004 0.711836 0.235737 0.514265 0.0725908 0.825003 0.0922067 0.56116 0.366936 0.122155 0.127039 0.500913 0.145567 0.923544 0.155671 0.294048 0.0808817 0.680943 0.858555 0.429317 0.681364 0.936416 0.0751453 0.607356 0.532143 0.438172 0.961821 0.750293 0.18487 0.544067 0.0700758 0.21127 0.255903 0.305812 0.725535 0.328494 0.130815 0.817742 0.889653 0.497751 0.939897 0.0166926 0.998664 0.0854636 0.940237 0.154335 0.379512 0.0211183 0.835278 0.238067 0.450436 0.516642 0.174483 0.525581 0.123998 0.706626 0.963753 0.0858191 0.456919 0.148623 0.629886 0.526995 0.359893 0.885789 0.832808 0.0854288 0.214283 0.963623 0.903171 0.103936 0.461374 0.843068 0.120628 0.460038 0.928532 0.060865 0.614373 0.308043 
0.0819833 0.449651 0.54611 0.532419 0.966293 0.720593 0.0579997 0.0902908 0.427219 0.0217528 0.17611 0.884139 0.170376 0.805996 0.411134 0.530269 0.691785 0.243942 0.615698 0.906068 0.207565 0.518869 0.0100035 0.668939 0.361937 0.130632 0.128976 0.290469 0.191497 0.743349 0.598512 0.27348 0.193 0.144622 0.805899 0.159293 0.865215 0.863899 0.249584 0.292434 0.885651 0.425694 0.176573 0.0560274 0.23169 0.587707 0.586297 0.923475 0.831649 0.201995 0.829543 0.0392136 0.720864 0.839546 0.708152 0.0828013 0.970178 0.837128 0.37327 0.161675 0.580477 0.971782 0.435155 0.773477 0.116404 0.241054 0.93277 0.981619 0.104953 0.182354 0.274053 0.990604 0.608048 0.450626 0.0466314 0.839737 0.0383336 0.632928 0.763212 0.869983 0.834923 0.592755 0.909196 0.555787 0.432301 0.617348 0.638589 0.402479 0.454477 0.0118586 0.564154 0.0349539 0.98364 0.999309 0.808431 0.100044 0.240363 0.741202 0.0816631 0.345315 
0.923556 0.355716 0.335919 0.531603 0.806343 0.382551 0.37134 0.844677 0.0154788 0.134553 0.714659 0.850402 0.727308 0.623855 0.406189 0.159609 0.241203 0.0447782 0.562087 0.69568 0.0566368 0.126241 0.730634 0.0402772 0.12555 0.539065 0.140321 0.365913 0.280267 0.221984 0.711228 0.203822 0.577701 0.0471467 0.735426 0.384044 0.429697 0.106766 0.22872 0.445176 0.241319 0.94338 0.295578 0.968626 0.567235 0.701768 0.128235 0.808438 0.746546 0.690322 0.504118 0.803183 0.816563 0.234752 0.84346 0.942113 0.773817 0.983781 0.308026 0.0540838 0.205766 0.0192535 0.257906 0.783467 0.0664002 0.993332 0.16751 0.496097 0.100098 0.396231 0.941274 0.341416 0.33961 0.236852 0.310042 0.906845 0.938619 0.438277 0.715283 0.685165 0.128599 0.219401 0.488348 0.945163 0.454153 0.331807 0.887276 0.22797 0.315589 0.195302 0.282054 0.521354 0.214555 0.53996 0.304821 0.280956 0.533292 0.472331 0.777053 0.633389 
0.868562 0.718327 0.974806 0.208173 0.955178 0.284848 0.115018 0.893797 0.723125 0.830301 0.578962 0.851724 0.0497024 0.06731 0.796887 0.503856 0.399117 0.684163 0.731826 0.714706 0.879465 0.0138806 0.23606 0.0940201 0.553841 0.540881 0.374976 0.0871328 0.0132121 0.152029 0.720522 0.881774 0.870356 0.695328 0.0899467 0.825534 0.980176 0.204964 0.719331 0.703301 0.0352653 0.298294 0.555025 0.0849678 0.365604 0.351912 0.588824 0.764721 0.0360747 0.32065 0.479427 0.915539 0.334531 0.715487 0.00955953 0.888372 0.256368 0.384535 0.975504 0.26958 0.536564 0.696027 0.151354 0.40692 0.391354 0.241301 0.232453 0.37153 0.446266 0.951785 0.0748312 0.481531 0.250078 0.629856 0.566499 0.615682 0.981768 0.155322 0.380403 0.0178428 0.475972 0.85983 0.933382 0.810503 0.575317 0.942942 0.698874 0.831686 0.327477 0.674379 0.101266 0.864041 0.370405 0.25262 0.270961 0.76176 0.493921 0.503414 0.13329 0.940187 
0.455199 0.208121 0.421718 0.705277 0.837978 0.988216 0.320959 0.819746 0.143539 0.701363 0.837589 0.619511 0.561193 0.770971 0.430014 0.13651 0.713913 0.128888 0.968196 0.0413895 0.803267 0.0694618 0.905431 0.173672 0.322082 0.176392 0.935432 0.816004 0.679806 0.0687225 0.756191 0.135005 0.276844 0.177908 0.840283 0.114822 0.166125 0.161242 0.934567 0.309663 0.862604 0.772156 0.929174 0.423797 0.543127 0.359188 0.560308 0.257039 0.488076 0.528503 0.298429 0.291343 0.597965 0.20386 0.465016 0.920047 0.380251 0.400448 0.736051 0.0600573 0.469171 0.492241 0.195062 0.746015 0.67015 0.0353449 0.860836 0.836275 0.196587 0.795404 0.145938 0.0591913 0.56756 0.0751124 0.482989 0.110687 0.434301 0.0432962 0.367726 0.922377 0.5718 0.666155 0.213721 0.169765 0.870015 0.678736 0.0898123 0.250266 0.0791846 0.825863 0.310323 0.548355 0.318105 0.505386 0.29437 0.988255 0.540731 0.155206 0.824529 0.737318 
0.95061 0.970467 0.796509 0.518169 0.0455797 0.279498 0.628856 0.47988 0.322794 0.996582 0.402257 0.894593 0.662737 0.615978 0.0643584 0.532752 0.294715 0.154171 0.783018 0.373899 0.980034 0.0933418 0.922254 0.298139 0.598728 0.216624 0.286393 0.139458 0.37183 0.110923 0.876776 0.32244 0.0813898 0.673285 0.840609 0.12697 0.952783 0.469465 0.60685 0.275576 0.466048 0.00910737 0.17017 0.128785 0.625085 0.234528 0.661538 0.9198 0.388699 0.444556 0.293699 0.368733 0.537898 0.215953 0.666872 0.136625 0.432578 0.953265 0.276084 0.804408 0.0641878 0.15286 0.126848 0.145578 0.826145 0.967457 0.272547 0.778927 0.436922 0.879397 0.0545037 0.90297 0.888505 0.224674 0.0317556 0.51359 0.459202 0.693293 0.43339 0.847901 0.137849 0.727089 0.216634 0.675747 0.943042 0.883506 0.812372 0.37562 0.836771 0.0884559 0.180028 0.900959 0.241316 0.306876 0.0465364 0.0674603 0.274332 0.319084 0.846388 0.711255 
0.198481 0.900891 0.614225 0.0869853 0.125565 0.645981 0.600575 0.584767 0.339274 0.0339651 0.432668 0.477123 0.761054 0.649301 0.15287 0.704097 0.532807 0.965242 0.0797167 0.369578 0.053698 0.259745 0.270537 0.295014 0.56662 0.317073 0.362474 0.840953 0.636157 0.208862 0.552207 0.834638 0.109753 0.166432 0.921623 0.235318 0.812413 0.522198 0.820085 0.151687 0.556163 0.252752 0.62881 0.317217 0.902054 0.78168 0.021314 0.434861 0.746922 0.101031 0.804439 0.80062 0.360775 0.0749756 0.0956334 0.927395 0.392049 0.458107 0.768348 0.0282056 0.666969 0.320555 0.862843 0.776722 0.486988 0.784466 0.0120401 0.2994 0.306664 0.832125 0.451087 0.862828 0.0848774 0.0798969 0.180045 0.986931 0.861576 0.201359 0.421792 0.608498 0.30239 0.226231 0.409118 0.663165 0.301207 0.504751 0.590561 0.693255 0.962859 0.358909 0.721461 0.629828 0.679464 0.584304 0.40655 0.166451 0.36877 0.41859 0.465852 0.675435 
0.250715 0.916939 0.538262 0.335592 0.996836 0.718307 0.322523 0.858412 0.919667 0.744316 0.46691 0.222056 0.970547 0.876028 0.885222 0.271753 0.38078 0.475782 0.965009 0.343638 0.834691 0.68647 0.973466 0.514155 0.270774 0.380016 0.680606 0.639545 0.798605 0.146458 0.314979 0.0493202 0.0633969 0.853242 0.384912 0.0602327 0.571549 0.707436 0.918645 0.491216 0.451752 0.385555 0.713272 0.422298 0.261584 0.598494 0.694052 0.642363 0.0742761 0.659061 0.986002 0.908967 0.345531 0.959467 0.423122 0.616305 0.339483 0.103728 0.255849 0.138088 0.250186 0.570829 0.187409 0.313582 0.42407 0.572321 0.373815 0.995619 0.279757 0.29246 0.486835 0.731508 0.678016 0.200107 0.153807 0.939599 0.798601 0.847859 0.581963 0.872877 0.506919 0.567964 0.781844 0.85245 0.527432 0.204966 0.468755 0.866915 0.308694 0.724604 0.00500303 0.558879 0.295433 0.192412 0.872462 0.719503 0.764733 0.246277 0.715123 0.0444895 
0.538737 0.201958 0.775998 0.216752 0.402065 0.929805 0.156352 0.200666 0.777663 0.738314 0.0735438 0.284582 0.306279 0.855388 0.137032 0.83371 0.060354 0.605787 0.700625 0.369048 0.330391 0.705628 0.927927 0.625824 0.89804 0.800388 0.345327 0.662772 0.0466649 0.0604495 0.707262 0.585402 0.262407 0.48326 0.802154 0.664472 0.413064 0.958506 0.865139 0.190727 0.69682 0.938683 0.47531 0.00309839 0.794071 0.612342 0.836809 0.854425 0.218129 0.537434 0.223472 0.54852 0.243062 0.151399 0.174344 0.141101 0.951787 0.519671 0.803873 0.998452 0.58012 0.511135 0.583854 0.842527 0.994394 0.386008 0.507 0.407459 0.344513 0.372139 0.598186 0.0413332 0.310821 0.0734957 0.0444316 0.104892 0.685838 0.88124 0.959316 0.903967 0.418674 0.182789 0.452487 0.661735 0.334188 0.626831 0.802836 0.285975 0.146501 0.60671 0.284427 0.726622 0.117845 0.868281 0.569149 0.112239 0.254289 0.0761489 0.519697 0.598802 
0.448288 0.117883 0.640135 0.759109 0.191379 0.684567 0.864001 0.877217 0.565807 0.823317 0.781184 0.984481 0.00610582 0.23367 0.646216 0.340293 0.860501 0.449053 0.626268 0.00700246 0.0557627 0.910696 0.733624 0.173607 0.778977 0.302773 0.285846 0.0332654 0.378922 0.805544 0.632068 0.827209 0.923427 0.272203 0.586318 0.114806 0.95677 0.450319 0.992023 0.522577 0.273636 0.773206 0.507058 0.279742 0.00687653 0.153275 0.620035 0.867378 0.602328 0.246304 0.87438 0.658091 0.156999 0.608004 0.831698 0.935976 0.910777 0.117544 0.969241 0.289699 0.923088 0.601309 0.116909 0.846514 0.873512 0.703227 0.96132 0.830282 0.153546 0.953343 0.352859 0.427182 0.726549 0.859918 0.706923 0.733426 0.0131927 0.326959 0.600803 0.615521 0.573262 0.475183 0.273611 0.730262 0.0831874 0.105309 0.666237 0.993965 0.222853 0.635479 0.283664 0.14594 0.236788 0.400572 0.992455 0.1103 0.103799 0.953775 0.940582 0.257344 
0.907118 0.293441 0.684526 0.633667 0.153359 0.391449 0.367093 0.166551 0.718408 0.967896 0.782072 0.29167 0.443079 0.055683 0.0219319 0.526267 0.160992 0.688169 0.520231 0.383845 0.323648 0.803895 0.529785 0.560435 0.204467 0.52224 0.670735 0.308266 0.476015 0.611317 0.56561 0.383134 0.904757 0.250136 0.0168009 0.0581162 0.641586 0.383894 0.224668 0.359994 0.35179 0.00673955 0.651664 0.794869 0.0624226 0.673596 0.321136 0.223415 0.361765 0.841368 0.607259 0.685413 0.645262 0.137045 0.245848 0.849729 0.659285 0.916583 0.157995 0.1353 0.5279 0.723606 0.518434 0.432657 0.973742 0.535235 0.490774 0.615328 0.919128 0.715441 0.975322 0.270918 0.722181 0.626986 0.0657878 0.784603 0.300582 0.386924 0.00801781 0.662347 0.228292 0.615277 0.34776 0.873554 0.752322 0.593608 0.723283 0.411606 0.510192 0.881279 0.546907 0.0380917 0.604885 0.0653403 0.470749 0.578627 0.600575 0.961523 0.193955 0.519703 
0.676964 0.169276 0.790622 0.399145 0.796262 0.85641 0.183748 0.0968436 0.243334 0.191766 0.75919 0.471625 0.807043 0.10695 0.345179 0.559364 0.700559 0.0684626 0.970971 0.210751 0.949741 0.517878 0.248842 0.554626 0.583218 0.719591 0.133253 0.183793 0.681114 0.327207 0.703496 0.358078 0.496483 0.494118 0.757222 0.292745 0.350527 0.94097 0.389589 0.593861 0.132736 0.148779 0.065486 0.939779 0.25573 0.410665 0.499143 0.956288 0.479128 0.470114 0.167039 0.428869 0.987992 0.415881 0.983495 0.571209 0.135473 0.116748 0.755002 0.816587 0.443955 0.458498 0.174665 0.940438 0.952616 0.931887 0.233183 0.303143 0.872857 0.622772 0.897004 0.00559287 0.771551 0.96249 0.945371 0.0272807 0.373156 0.444514 0.983569 0.852283 0.914628 0.150608 0.281152 0.90262 0.566489 0.264647 0.473829 0.701962 0.381395 0.228831 0.518549 0.82535 0.68733 0.693213 0.765788 0.639946 0.6251 0.998971 0.943089 0.497957 
0.621743 0.840094 0.50355 0.393294 0.802584 0.448922 0.420575 0.17574 0.893436 0.404144 0.028023 0.808064 0.554752 0.309175 0.710684 0.121241 0.573823 0.184513 0.823203 0.955218 0.413345 0.341752 0.780568 0.100675 0.0349652 0.546355 0.74062 0.660066 0.545326 0.68371 0.158023 0.167069 0.523803 0.661573 0.560363 0.326388 0.110495 0.980938 0.502127 0.00393116 0.385081 0.53015 0.811996 0.939833 0.839326 0.52268 0.0610739 0.413149 0.707193 0.884277 0.368367 0.120538 0.226029 0.148934 0.221213 0.260994 0.69529 0.961833 0.921059 0.240616 0.645543 0.0790825 0.407685 0.169346 0.740656 0.968048 0.495734 0.851151 0.948986 0.997861 0.855082 0.334067 0.528012 0.667078 0.2739 0.367338 0.189757 0.334974 0.780486 0.896951 0.219251 0.148853 0.017489 0.44528 0.297787 0.238702 0.706274 0.993077 0.200535 0.627333 0.233693 0.846078 0.706416 0.641378 0.0154242 0.447071 0.609427 0.511158 0.298222 0.558413 
0.50902 0.153304 0.89248 0.0370315 0.820382 0.16638 0.404369 0.0101395 0.501354 0.184856 0.90709 0.720606 0.333709 0.924579 0.165885 0.631496 0.163281 0.872159 0.624573 0.363816 0.499492 0.858266 0.209894 0.205908 0.499644 0.225318 0.652979 0.109071 0.736476 0.951201 0.667484 0.245496 0.104506 0.559964 0.282527 0.924888 0.726344 0.686896 0.935027 0.227699 0.871752 0.842117 0.948304 0.205461 0.766697 0.114189 0.836957 0.929978 0.986348 0.46153 0.293794 0.48584 0.319796 0.503687 0.691748 0.81944 0.729005 0.344727 0.928511 0.465481 0.295928 0.595995 0.710977 0.400434 0.155959 0.993504 0.325322 0.882303 0.6804 0.260349 0.110001 0.552153 0.102466 0.0583056 0.757613 0.869163 0.172495 0.59457 0.79914 0.158843 0.0560998 0.0929337 0.644684 0.375896 0.596621 0.336431 0.195336 0.325626 0.681158 0.123847 0.791107 0.977087 0.719842 0.502084 0.37752 0.875801 0.495588 0.702842 0.758104 0.175989 
0.963191 0.868105 0.728141 0.0656566 0.926411 0.485754 0.934819 0.0989056 0.0803245 0.733959 0.257749 0.136424 0.826893 0.902432 0.51232 0.423514 0.238864 0.707656 0.74914 0.920022 0.831503 0.540247 0.897109 0.551345 0.0423316 0.274629 0.427145 0.53792 0.977471 0.185249 0.713908 0.940662 0.0533539 0.44205 0.00631853 0.979764 0.927804 0.941138 0.0786701 0.00812848 0.675097 0.336419 0.144553 0.50199 0.238851 0.656873 0.925504 0.477715 0.364528 0.674645 0.397738 0.196031 0.214892 0.294846 0.747376 0.257224 0.569476 0.174521 0.795144 0.546947 0.35977 0.509052 0.487609 0.413124 0.951102 0.493927 0.392888 0.878906 0.435065 0.471558 0.887034 0.110162 0.807977 0.0315868 0.612153 0.0468288 0.688459 0.537657 0.524544 0.0529879 0.212302 0.922282 0.249019 0.427194 0.217128 0.996395 0.684417 0.786604 0.170916 0.479561 0.333551 0.530686 0.988613 0.821159 0.94381 0.939714 0.315087 0.336698 0.81862 0.750152 
0.808256 0.705654 0.860314 0.616234 0.737241 0.472467 0.663062 0.4257 0.0101237 0.187606 0.478688 0.222425 0.109888 0.727707 0.649619 0.327016 0.724102 0.334036 0.113619 0.895018 0.813597 0.44717 0.425703 0.80221 0.268329 0.369513 0.741924 0.583416 0.706211 0.560544 0.333568 0.514467 0.266198 0.193882 0.130701 0.00343917 0.666349 0.793763 0.429139 0.676473 0.98137 0.907828 0.898898 0.0912578 0.635535 0.548517 0.418274 0.359636 0.882553 0.531893 0.254654 0.69615 0.979063 0.680357 0.49836 0.247393 0.0498701 0.240285 0.830809 0.756081 0.800829 0.164377 0.270548 0.0670275 0.358259 0.401249 0.0704666 0.0246082 0.195012 0.499606 0.701081 0.176382 0.407434 0.599979 0.26764 0.0429682 0.148496 0.685913 0.402605 0.0310487 0.217807 0.657259 0.727199 0.19687 0.337616 0.225559 0.444262 0.387486 0.465844 0.275071 0.143567 0.266673 0.439448 0.414115 0.3337 0.797707 0.815363 0.404167 0.822315 0.0103755 
0.903773 0.523396 0.186757 0.311207 0.123375 0.454397 0.354175 0.271871 0.140311 0.75678 0.302919 0.358117 0.414038 0.0301183 0.554987 0.751654 0.255678 0.999249 0.13914 0.721521 0.274321 0.282706 0.988194 0.713769 0.696821 0.321895 0.511476 0.512185 0.726062 0.333791 0.52256 0.629835 0.857187 0.709317 0.941042 0.980562 0.163715 0.295217 0.252433 0.304025 0.0519965 0.555352 0.662142 0.466035 0.585471 0.217129 0.217688 0.841148 0.216379 0.356828 0.56267 0.490699 0.639534 0.550864 0.204468 0.336355 0.872759 0.715944 0.84854 0.598821 0.0497348 0.3711 0.228656 0.906922 0.0804175 0.169698 0.887484 0.244132 0.464915 0.139917 0.548157 0.516912 0.69527 0.210299 0.982946 0.28074 0.427429 0.200634 0.121889 0.643807 0.557463 0.684558 0.134507 0.196997 0.235422 0.338975 0.533352 0.108181 0.0549183 0.381892 0.707002 0.104653 0.752993 0.935658 0.0115752 0.83341 0.105356 0.89906 0.0775421 0.570271 
0.0389769 0.625699 0.087183 0.734247 0.835998 0.070129 0.014987 0.263427 0.270764 0.136876 0.907234 0.828226 0.821434 0.0417408 0.0252231 0.0568561 0.380715 0.558576 0.165037 0.435634 0.940468 0.87204 0.540287 0.693461 0.807698 0.551862 0.526871 0.913054 0.450922 0.604413 0.483326 0.489898 0.230112 0.570509 0.224145 0.0661103 0.640638 0.239132 0.329537 0.911401 0.376008 0.236772 0.739627 0.197442 0.278512 0.76485 0.254298 0.659228 0.323426 0.419335 0.0948613 0.263894 0.291375 0.635148 0.957355 0.0990725 0.18701 0.484225 0.0121268 0.637931 0.0886379 0.495453 0.12783 0.31875 0.0659614 0.351975 0.38486 0.706599 0.591107 0.714397 0.618001 0.967115 0.951169 0.357628 0.164557 0.229681 0.122478 0.418854 0.888909 0.445904 0.838189 0.98377 0.709798 0.129564 0.618918 0.667153 0.228636 0.805928 0.151378 0.240763 0.44386 0.240016 0.736216 0.57169 0.558766 0.802177 0.923665 0.943626 0.508776 0.514772 
0.658023 0.126777 0.481887 0.609192 0.484405 0.646443 0.838874 0.606883 0.0652975 0.727783 0.0527875 0.903487 0.711553 0.762586 0.0330505 0.330471 0.429739 0.261687 0.136399 0.581117 0.50245 0.580259 0.821134 0.238665 0.151949 0.379899 0.0408425 0.0756133 0.323525 0.549619 0.590385 0.981549 0.676395 0.0722721 0.590741 0.1608 0.718715 0.429615 0.767683 0.784013 0.157398 0.82047 0.6875 0.868951 0.583056 0.72055 0.199422 0.0127954 0.982237 0.335821 0.593913 0.484687 0.91608 0.415046 0.723352 0.0680288 0.794946 0.764195 0.143642 0.118471 0.313813 0.734027 0.10002 0.990209 0.806299 0.690761 0.151008 0.525015 0.120376 0.918691 0.309028 0.277774 0.739162 0.996527 0.146725 0.322218 0.717078 0.346146 0.335013 0.699314 0.681968 0.928926 0.184001 0.598048 0.343972 0.907353 0.666077 0.138918 0.671548 0.809719 0.257389 0.985361 0.543746 0.357409 0.97557 0.350045 0.0481705 0.126578 0.87506 0.168547 
0.0452696 0.184088 0.446321 0.784431 0.180615 0.593046 0.106649 0.897693 0.939192 0.441663 0.597007 0.62116 0.370589 0.781009 0.219207 0.714561 0.688362 0.885284 0.853479 0.35991 0.695002 0.110868 0.345271 0.238748 0.468278 0.320841 0.588794 0.516448 0.447419 0.463854 0.684995 0.492689 0.647942 0.131316 0.27712 0.828558 0.724361 0.383769 0.726251 0.663554 0.825432 0.323258 0.284713 0.196021 0.104267 0.50392 0.910582 0.792629 0.389204 0.764062 0.152539 0.0842064 0.87493 0.49781 0.322955 0.343208 0.81865 0.911749 0.859656 0.266069 0.375603 0.544651 0.758758 0.0235453 0.675967 0.0358777 0.852103 0.400328 0.419647 0.578354 0.0638817 0.245079 0.901612 0.348595 0.4411 0.00587865 0.852515 0.351682 0.798507 0.241719 0.115744 0.951046 0.325925 0.990674 0.448855 0.64888 0.333882 0.267506 0.560629 0.193538 0.533575 0.936232 0.738189 0.292333 0.959777 0.414156 0.328211 0.81188 0.814484 0.747858 
0.390234 0.878366 0.992937 0.291846 0.22696 0.434037 0.297725 0.0794754 0.785719 0.096232 0.321194 0.901464 0.0472779 0.64712 0.892138 0.496133 0.296 0.22602 0.763639 0.856629 0.419558 0.297215 0.792862 0.157747 0.589548 0.752639 0.571903 0.917758 0.564519 0.386387 0.665616 0.954754 0.264752 0.658553 0.2466 0.491713 0.0925901 0.544324 0.571188 0.87831 0.640556 0.892382 0.779773 0.687834 0.539502 0.671911 0.183968 0.835503 0.897932 0.947607 0.692132 0.31749 0.244822 0.484994 0.475237 0.834369 0.237633 0.0471398 0.752128 0.802152 0.433526 0.417744 0.756906 0.698279 0.0762971 0.00350544 0.189991 0.168887 0.54783 0.761179 0.0471969 0.188386 0.653561 0.82697 0.876221 0.193064 0.498882 0.0601883 0.0285664 0.396813 0.00779539 0.720698 0.714303 0.252617 0.205692 0.18954 0.0869862 0.443325 0.23668 0.839114 0.245477 0.670206 0.256858 0.00238275 0.368485 0.333155 0.00588818 0.558476 0.502042 0.553718 
0.319655 0.549239 0.742104 0.973216 0.376209 0.618325 0.16628 0.875091 0.678513 0.194847 0.271904 0.686308 0.915545 0.986207 0.938925 0.121237 0.175747 0.0259116 0.564562 0.412427 0.865025 0.810039 0.0826331 0.121883 0.812422 0.451118 0.455038 0.81831 0.00959384 0.95708 0.372028 0.329249 0.506319 0.114132 0.302465 0.882528 0.732457 0.468745 0.757619 0.41097 0.663592 0.029523 0.0972783 0.579137 0.0157299 0.0362037 0.700374 0.191477 0.0621153 0.264936 0.603904 0.927141 0.0749749 0.686537 0.0490239 0.887397 0.137655 0.504062 0.705706 0.147248 0.461142 0.0777344 0.476497 0.967461 0.191866 0.778962 0.84999 0.924323 0.247708 0.607609 0.335293 0.911299 0.637132 0.432571 0.490436 0.652862 0.468775 0.19081 0.844339 0.53089 0.455746 0.448242 0.458031 0.530721 0.134779 0.507055 0.418117 0.272434 0.0111171 0.123824 0.419682 0.472259 0.201558 0.896179 0.439721 0.393425 0.675142 0.289711 0.317748 0.922849 
0.89732 0.653041 0.834148 0.534452 0.0856123 0.324584 0.187314 0.554387 0.515394 0.0316531 0.0852779 0.97114 0.479896 0.543309 0.501861 0.614675 0.0503641 0.919978 0.887108 0.0614812 0.0438018 0.30679 0.533741 0.24536 0.20297 0.973461 0.638784 0.878111 0.263172 0.956532 0.80096 0.160492 0.609573 0.635109 0.694944 0.695185 0.959693 0.882258 0.249573 0.475088 0.913911 0.334851 0.446228 0.393807 0.87816 0.948089 0.00848157 0.928524 0.868067 0.89559 0.990005 0.911869 0.20238 0.523745 0.157228 0.40535 0.497207 0.796013 0.283462 0.760379 0.752545 0.084422 0.920871 0.362118 0.719531 0.615815 0.0573031 0.679224 0.498073 0.306876 0.154312 0.411985 0.641726 0.60054 0.805791 0.519886 0.548628 0.814273 0.44841 0.416695 0.709863 0.438414 0.328564 0.912243 0.96216 0.485792 0.317594 0.459367 0.281805 0.601055 0.219746 0.0343501 0.685477 0.140616 0.396468 0.405008 0.756431 0.453771 0.0842324 0.254505 
0.760647 0.238544 0.666489 0.402373 0.839084 0.472281 0.922259 0.387712 0.286554 0.370669 0.804408 0.996417 0.809083 0.132972 0.90866 0.771243 0.618764 0.226254 0.230609 0.900569 0.827309 0.450355 0.934919 0.512786 0.590971 0.331387 0.917794 0.347403 0.785158 0.00202687 0.601907 0.545805 0.240571 0.268397 0.948178 0.0796552 0.740677 0.870437 0.467368 0.0272308 0.241106 0.271775 0.0236474 0.0501888 0.404747 0.932307 0.821432 0.0235109 0.158561 0.052041 0.92408 0.98587 0.502396 0.858999 0.498656 0.0933673 0.190386 0.416451 0.44077 0.975544 0.418478 0.0426774 0.521349 0.659049 0.311074 0.469528 0.738704 0.0517512 0.339965 0.206072 0.078982 0.581071 0.477847 0.102629 0.63126 0.882594 0.0349368 0.452691 0.906105 0.193498 0.504732 0.830185 0.179368 0.00712825 0.689184 0.678024 0.100496 0.87957 0.0944752 0.541266 0.855114 0.512953 0.583943 0.376463 0.172002 0.895017 0.845991 0.910706 0.946768 0.185956 
0.116778 0.0257503 0.767027 0.594625 0.12838 0.398286 0.477219 0.163316 0.850978 0.383324 0.356814 0.35571 0.213509 0.536182 0.362838 0.902692 0.214207 0.463334 0.782262 0.308682 0.00459929 0.637376 0.821635 0.588542 0.0138395 0.993636 0.483559 0.85983 0.904342 0.430328 0.0457862 0.0211198 0.456078 0.812813 0.615744 0.584458 0.211099 0.0929633 0.747774 0.0620768 0.476287 0.104588 0.417787 0.689796 0.64077 0.780625 0.592488 0.854977 0.243958 0.374751 0.163659 0.248558 0.0121268 0.985293 0.8371 0.0259663 0.97893 0.320659 0.885797 0.883272 0.750987 0.931583 0.904392 0.207065 0.744396 0.520136 0.791523 0.955495 0.613099 0.539297 0.0175718 0.0893865 0.643885 0.435358 0.779182 0.284656 0.215983 0.371671 0.139633 0.459941 0.746421 0.303291 0.708499 0.758548 0.288585 0.545599 0.784514 0.267514 0.866258 0.670311 0.150786 0.617246 0.601894 0.0551776 0.824311 0.34629 0.575314 0.615834 0.301785 0.188413 
0.155131 0.319357 0.2778 0.799016 0.754715 0.056982 0.0836715 0.970698 0.428653 0.223304 0.43064 0.175074 0.526595 0.139139 0.933622 0.81518 0.684737 0.718137 0.0826941 0.550996 0.388448 0.23348 0.168241 0.990342 0.288658 0.992552 0.336632 0.863971 0.608386 0.638417 0.0523845 0.763517 0.957773 0.330184 0.562533 0.712488 0.387166 0.646204 0.683187 0.815819 0.869508 0.113826 0.990893 0.396103 0.252965 0.924515 0.211283 0.937702 0.642652 0.293977 0.488698 0.0310998 0.527458 0.656939 0.0214416 0.816115 0.649492 0.358073 0.680087 0.257878 0.99649 0.732471 0.0213943 0.954263 0.0626555 0.583927 0.666752 0.449822 0.230131 0.349938 0.265641 0.0996388 0.463764 0.256534 0.495742 0.716729 0.181049 0.707025 0.654431 0.823701 0.00100277 0.143129 0.854801 0.52846 0.800069 0.876243 0.344576 0.44956 0.234316 0.0246624 0.707438 0.230806 0.757134 0.728832 0.185069 0.819789 0.312759 0.85182 0.269611 0.54289 
0.201758 0.535251 0.642529 0.665523 0.791785 0.138271 0.382252 0.972834 0.845296 0.0366832 0.796535 0.846299 0.179812 0.651336 0.374759 0.979881 0.527579 0.719335 0.429441 0.761895 0.743997 0.136879 0.992701 0.501131 0.865711 0.177769 0.32092 0.17847 0.0295896 0.590531 0.72136 0.231348 0.125782 0.363889 0.896871 0.917567 0.502159 0.279123 0.890402 0.347455 0.315806 0.686937 0.193754 0.495618 0.338274 0.568513 0.475499 0.865853 0.287848 0.904941 0.627748 0.0318453 0.0418199 0.620448 0.532976 0.907531 0.798217 0.853896 0.0860015 0.827807 0.444427 0.807361 0.059155 0.570209 0.17125 0.956026 0.487776 0.673409 0.235149 0.378178 0.0208647 0.550955 0.0651152 0.214619 0.046573 0.403389 0.783132 0.522072 0.269241 0.0709807 0.427013 0.896989 0.102826 0.468833 0.517437 0.635802 0.376364 0.315655 0.489698 0.462366 0.143462 0.934125 0.269727 0.202617 0.504334 0.440977 0.158643 0.99211 0.114387 0.393791 
0.370288 0.135251 0.944746 0.435403 0.34987 0.991319 0.838792 0.133003 0.513391 0.108034 0.203984 0.940404 0.00502271 0.30681 0.409237 0.52246 0.942612 0.785602 0.838114 0.43231 0.247967 0.981576 0.366434 0.517695 0.184193 0.870768 0.958672 0.342835 0.862878 0.0730585 0.736626 0.233166 0.20831 0.681372 0.668569 0.55818 0.672691 0.507362 0.691183 0.186082 0.615395 0.895167 0.126486 0.620418 0.201976 0.535724 0.142878 0.144588 0.321325 0.980992 0.576897 0.569293 0.962568 0.943332 0.0869875 0.146761 0.8141 0.0456595 0.489596 0.676978 0.118718 0.226223 0.910144 0.327028 0.907595 0.578713 0.885208 0.580285 0.0860749 0.576391 0.766367 0.70147 0.471558 0.892854 0.321888 0.673534 0.428577 0.464766 0.818122 0.749903 0.445759 0.395019 0.319196 0.408327 0.338351 0.406183 0.555088 0.15245 0.451843 0.0446845 0.829428 0.570561 0.270907 0.739571 0.897589 0.178502 0.318285 0.782797 0.758787 0.40436 
0.359188 0.525155 0.10583 0.830746 0.418008 0.427718 0.50428 0.846586 0.892485 0.322401 0.596489 0.338243 0.71742 0.915685 0.74657 0.0557708 0.321868 0.301659 0.208221 0.773711 0.346343 0.0376486 0.344272 0.61725 0.77722 0.24186 0.795752 0.0955048 0.024657 0.554539 0.499864 0.383845 0.0796936 0.605694 0.214591 0.497702 0.0334126 0.71887 0.344288 0.925897 0.0412718 0.940777 0.26414 0.758692 0.856461 0.0107108 0.814463 0.178329 0.312369 0.0226838 0.95204 0.658712 0.0603324 0.296311 0.275963 0.837552 0.538172 0.0717144 0.933057 0.562829 0.626253 0.432922 0.946674 0.705947 0.0386159 0.161264 0.203649 0.0720285 0.880135 0.547937 0.997926 0.921407 0.488713 0.262066 0.680099 0.345174 0.272777 0.494562 0.523503 0.585146 0.517245 0.475543 0.243859 0.577578 0.771855 0.519821 0.41513 0.310026 0.591536 0.348188 0.872855 0.217789 0.781109 0.819529 0.923736 0.819725 0.980793 0.127385 0.891754 0.860928 
0.675321 0.889679 0.782334 0.164034 0.151745 0.462433 0.509209 0.424522 0.956994 0.0327121 0.00966863 0.47424 0.508255 0.253527 0.0518175 0.28011 0.773349 0.466948 0.590136 0.364884 0.815135 0.462991 0.582673 0.596245 0.28252 0.506409 0.41597 0.263313 0.633794 0.307723 0.12424 0.309115 0.197403 0.906575 0.47315 0.349148 0.369007 0.982358 0.77367 0.326002 0.0150704 0.783339 0.800241 0.523326 0.0368664 0.852059 0.803436 0.810215 0.319007 0.393572 0.175099 0.134142 0.856563 0.757773 0.730387 0.139083 0.264182 0.146356 0.402396 0.897976 0.45408 0.526636 0.207091 0.651482 0.433211 0.68024 0.00063045 0.802218 0.662599 0.774301 0.12822 0.677669 0.55764 0.928462 0.200995 0.594506 0.780521 0.00443046 0.404721 0.0995273 0.398003 0.579821 0.233669 0.254566 0.337593 0.964056 0.393649 0.601775 0.110412 0.796045 0.499751 0.564492 0.322682 0.706842 0.215974 0.755893 0.387082 0.216605 0.558111 0.0496806 
0.990906 0.686332 0.72735 0.548546 0.614793 0.928344 0.143052 0.395314 0.932775 0.547773 0.494841 0.330777 0.127594 0.72851 0.585343 0.465188 0.692566 0.978993 0.0669629 0.802979 0.775038 0.566714 0.367471 0.0977198 0.273556 0.583445 0.853613 0.660638 0.80005 0.411724 0.710318 0.790956 0.0980557 0.437668 0.339502 0.712849 0.366012 0.482554 0.108163 0.298787 0.0303271 0.603004 0.629564 0.157921 0.331514 0.214907 0.623109 0.0240806 0.1939 0.690072 0.827059 0.968938 0.256786 0.19453 0.0666576 0.530341 0.777976 0.92027 0.190979 0.578026 0.331994 0.901297 0.368982 0.43005 0.338965 0.708484 0.142899 0.704977 0.191038 0.251062 0.00376376 0.221365 0.854066 0.633328 0.379286 0.18558 0.848235 0.00239522 0.20966 0.0421352 0.692467 0.0367199 0.0110731 0.949252 0.23125 0.0777307 0.479593 0.00922611 0.998001 0.670572 0.587252 0.329995 0.571869 0.956235 0.760046 0.910834 0.664719 0.902945 0.615811 0.855757 
0.154007 0.619575 0.0771221 0.0080724 0.252903 0.456408 0.193652 0.101138 0.458804 0.403313 0.143273 0.151271 0.440033 0.154346 0.100523 0.671283 0.232077 0.580116 0.680509 0.230078 0.250689 0.267761 0.560073 0.822558 0.223996 0.320119 0.733392 0.888715 0.223064 0.349203 0.744472 0.377071 0.968777 0.821594 0.385143 0.22168 0.278002 0.578795 0.322818 0.736806 0.982108 0.466091 0.888077 0.42214 0.620437 0.9886 0.0934234 0.852514 0.568716 0.773932 0.0825915 0.819405 0.0416938 0.642665 0.641963 0.26569 0.962784 0.375354 0.154405 0.185848 0.724557 0.898877 0.562918 0.693335 0.720471 0.948061 0.915014 0.998473 0.526856 0.237832 0.735279 0.508964 0.703923 0.623356 0.931105 0.32436 0.611955 0.0245279 0.176873 0.180672 0.79846 0.259465 7.64523e-05 0.840154 0.90213 0.642039 0.105844 0.864914 0.0173935 0.260249 0.0507612 0.741951 0.159125 0.613679 0.435285 0.879596 0.56174 0.3503 0.878069 0.0885964 
0.588132 0.613348 0.59756 0.292055 0.236704 0.528665 0.616414 0.848659 0.553193 0.793288 0.0293307 0.351653 0.0527528 0.0294071 0.191807 0.954883 0.671446 0.297651 0.819796 0.68884 0.5579 0.870557 0.43079 0.717025 0.484237 0.866076 0.596621 0.045977 0.216375 0.474689 0.134573 0.804507 0.0880372 0.732134 0.0965613 0.324741 0.260799 0.712976 0.1734 0.813992 0.506263 0.20273 0.165645 0.559016 0.232138 0.357452 0.513899 0.903584 0.655103 0.333695 0.592424 0.213003 0.204253 0.0232139 0.930028 0.688489 0.889289 0.526649 0.734466 0.105665 0.00133812 0.86904 0.910171 0.0893753 0.601174 0.00673263 0.414116 0.861972 0.719708 0.587516 0.675964 0.225972 0.790246 0.841609 0.784988 0.0223839 0.199061 0.298887 0.925968 0.854164 0.632582 0.518391 0.0671676 0.836835 0.541605 0.997196 0.525324 0.430895 0.523844 0.25979 0.536559 0.525182 0.12883 0.44673 0.614558 0.730004 0.453463 0.0286738 0.591976 0.173171 
0.61619 0.26794 0.399143 0.406436 0.109549 0.184131 0.42882 0.30861 0.483018 0.354787 0.162774 0.1156 0.873179 0.229942 0.952435 0.414784 0.227137 0.477759 0.845678 0.750982 0.73755 0.382238 0.276164 0.86638 0.828968 0.890722 0.596383 0.282431 0.919396 0.188359 0.455602 0.535585 0.456299 0.854745 0.942021 0.565848 0.0388767 0.370841 0.874458 0.521895 0.725628 0.037232 0.637495 0.598807 0.267174 0.589931 0.0135908 0.494311 0.06769 0.859269 0.245293 0.80524 0.241507 0.521457 0.671619 0.0704745 0.41218 0.268003 0.352906 0.331575 0.456362 0.808508 0.867161 0.912661 0.663253 0.809182 0.478509 0.70213 0.180023 0.352967 0.224025 0.905652 0.390199 0.861521 0.504459 0.657372 0.451451 0.518049 0.151684 0.519141 0.377319 0.396977 0.324381 0.618825 0.918434 0.996 0.6893 0.330614 0.264003 0.0422052 0.662189 0.720365 0.850713 0.52935 0.633026 0.513966 0.338533 0.111535 0.216096 0.518556 
0.464502 0.440122 0.424208 0.8547 0.301642 0.928666 0.512073 0.753093 0.446716 0.663756 0.272234 0.824034 0.0607331 0.596615 0.442859 0.979167 0.592616 0.132159 0.309781 0.856619 0.174364 0.971971 0.576984 0.0250774 0.501321 0.21001 0.539044 0.839854 0.321545 0.75514 0.358409 0.786047 0.195262 0.782617 0.640747 0.496904 0.711283 0.152819 0.249997 0.157999 0.816576 0.522232 0.982033 0.877309 0.118847 0.424892 0.856476 0.711462 0.557051 0.166257 0.568081 0.731415 0.138228 0.145065 0.756493 0.639549 0.355075 0.295537 0.479403 0.67662 0.050677 0.837812 0.462666 0.245939 0.620429 0.103413 0.742843 0.331712 0.256233 0.99284 0.48971 0.0728083 0.515071 0.471743 0.950117 0.633918 0.896635 0.806593 0.34538 0.453687 0.97285 0.913461 0.185102 0.111079 0.0585261 0.941595 0.750627 0.413601 0.237132 0.23003 0.0902205 0.287809 0.0678418 0.552887 0.533747 0.688271 0.6563 0.27659 0.0199824 0.912533 
0.26943 0.509693 0.985341 0.784501 0.981436 0.935458 0.418419 0.878072 0.742051 0.7638 0.331758 0.714902 0.677261 0.51686 0.82598 0.735787 0.458455 0.576608 0.149388 0.695587 0.806638 0.239608 0.983395 0.874479 0.792495 0.517143 0.56275 0.448795 0.793733 0.582732 0.361328 0.0631626 0.0924253 0.346669 0.847664 0.0738615 0.282127 0.266083 0.951933 0.024178 0.0298826 0.283691 0.73908 0.707144 0.800552 0.56506 0.442931 0.259007 0.141667 0.592318 0.954594 0.948305 0.831927 0.937989 0.822784 0.624422 0.455132 0.385534 0.0732169 0.248864 0.968267 0.434545 0.312027 0.0606919 0.781214 0.159691 0.134553 0.0633406 0.425774 0.0864865 0.0875187 0.455656 0.370178 0.826598 0.1628 0.170729 0.391658 0.60573 0.429736 0.533325 0.198049 0.38433 0.48163 0.0299752 0.322319 0.304414 0.654397 0.77745 0.689949 0.727614 0.0263143 0.658215 0.162159 0.338341 0.718907 0.943372 0.498032 0.853461 0.006713 0.923805 
0.939947 0.0942317 0.379461 0.310125 0.92083 0.542261 0.480854 0.312488 0.147991 0.91059 0.845813 0.34604 0.29492 0.327443 0.376015 0.617238 0.631858 0.030412 0.394688 0.321806 0.758026 0.421003 0.980021 0.920185 0.759344 0.698929 0.863557 0.257375 0.552389 0.87027 0.181181 0.492336 0.964502 0.560642 0.802461 0.885331 0.102903 0.283315 0.197819 0.250894 0.193905 0.0436326 0.596934 0.488825 0.371076 0.972949 0.106063 0.00293352 0.0033612 0.500752 0.32474 0.761387 0.921754 0.304761 0.681572 0.681098 0.0036899 0.545128 0.938473 0.556079 0.415398 0.119654 0.0484155 0.3799 0.680296 0.850877 0.265231 0.783199 0.134192 0.463051 0.0340932 0.328097 0.506683 0.631027 0.816922 0.877759 0.603977 0.922986 0.880693 0.607338 0.423737 0.205432 0.368725 0.345492 0.510194 0.0502963 0.0265896 0.513884 0.595425 0.965063 0.0699627 0.0108231 0.0847172 0.118378 0.390723 0.765013 0.969255 0.655954 0.548212 0.103446 
0.119005 0.582305 0.431544 0.625688 0.213333 0.248466 0.503447 0.817309 0.171451 0.38414 0.424647 0.595189 0.589572 0.793372 0.94068 0.0997658 0.843668 0.96727 0.613649 0.439093 0.932333 0.683612 0.449916 0.0170502 0.80199 0.840639 0.782063 0.771245 0.496593 0.330276 0.874691 0.615598 0.912581 0.306235 0.241286 0.125914 0.554701 0.744733 0.943223 0.726152 0.128873 0.36787 0.321341 0.718445 0.161242 0.262021 0.818211 0.00491037 0.229291 0.43186 0.444003 0.161624 0.115472 0.893919 0.178675 0.917462 0.734558 0.960738 0.688707 0.231151 0.291014 0.563398 0.846749 0.203595 0.869633 0.0880353 0.329509 0.424334 0.832768 0.272732 0.150487 0.961641 0.640602 0.471828 0.680086 0.801844 0.733849 0.498297 0.806755 0.96314 0.930157 0.250758 0.124765 0.0456294 0.144677 0.303439 0.963092 0.879236 0.264177 0.651799 0.110387 0.555191 0.215197 0.957136 0.758785 0.0848307 0.0451716 0.088294 0.509165 0.87794 
0.361026 0.659652 0.839581 0.00162797 0.131479 0.519668 0.803472 0.865328 0.0179649 0.610227 0.828469 0.948122 0.860985 0.953234 0.993752 0.00566255 0.256673 0.956843 0.884898 0.52085 0.608642 0.995285 0.0760408 0.823839 0.952422 0.834826 0.90867 0.997593 0.92312 0.417835 0.875533 0.284146 0.0774865 0.715115 0.285774 0.208966 0.234782 0.0892463 0.0742942 0.252747 0.699473 0.902763 0.200869 0.560458 0.855997 0.194621 0.566121 0.112669 0.151464 0.451019 0.63352 0.760106 0.446305 0.70956 0.583945 0.398726 0.544387 0.492615 0.396319 0.467507 0.91045 0.271853 0.751653 0.987937 0.986967 0.0374266 0.196903 0.22175 0.126673 0.271197 0.474497 0.826146 0.17396 0.675366 0.386605 0.0299564 0.869987 0.952726 0.142626 0.0214515 0.403745 0.776145 0.781558 0.850049 0.485706 0.365503 0.248776 0.0300923 0.858119 0.645095 0.497599 0.768569 0.916948 0.249252 0.756506 0.903915 0.286678 0.953408 0.125665 0.413351 
0.224605 0.600162 0.239497 0.398565 0.275529 0.626102 0.428521 0.145516 0.578828 0.571147 0.166967 0.982573 0.347293 0.948525 0.832622 0.832999 0.314028 0.0813978 0.863091 0.172147 0.726493 0.36069 0.940716 0.643441 0.609942 0.697222 0.547356 0.89662 0.65063 0.673022 0.309971 0.875235 0.273184 0.549468 0.2738 0.548712 0.17557 0.702321 0.694228 0.754398 0.273469 0.861196 0.736971 0.620761 0.809721 0.569593 0.45376 0.123749 0.650991 0.316851 0.295896 0.377484 0.677541 0.236612 0.0209245 0.287482 0.933833 0.568281 0.184102 0.584463 0.241302 0.494073 0.459698 0.514486 0.0435417 0.733498 0.0631985 0.219112 0.435819 0.757427 0.97351 0.709288 0.618622 0.710481 0.33005 0.428343 0.280074 0.78381 0.552092 0.931065 0.100661 0.847988 0.308548 0.778201 0.0845997 0.329473 0.0656837 0.0184329 0.897754 0.249786 0.602896 0.139056 0.743859 0.0625939 0.653542 0.787401 0.796092 0.716741 0.00651304 0.231911 
0.474168 0.980023 0.9412 0.09279 0.690505 0.271249 0.521133 0.970579 0.0550589 0.0732254 0.901643 0.155719 0.921214 0.210192 0.933921 0.00581321 0.539665 0.999604 0.0242461 0.437419 0.24939 0.627142 0.576475 0.99325 0.689736 0.230017 0.78065 0.485828 0.946758 0.787163 0.717739 0.420925 0.767187 0.658939 0.513715 0.457691 0.930188 0.0348484 0.42827 0.985247 0.108074 0.329914 0.140966 0.0292874 0.540105 0.0748873 0.0351006 0.0797702 0.0744918 0.0593467 0.517189 0.323882 0.686489 0.0936633 0.317132 0.376225 0.32368 0.0977821 0.862052 0.270438 0.884946 0.579792 0.691363 0.652132 0.238731 0.205078 0.109824 0.168919 0.239927 0.538094 0.154166 0.348 0.868008 0.295132 0.377288 0.408113 0.37002 0.412388 0.487883 0.444511 0.471735 0.00507187 0.768393 0.158224 0.0987352 0.0855252 0.534448 0.422415 0.183307 0.396501 0.692853 0.0682529 0.976292 0.384216 0.720385 0.215023 0.589294 0.830209 0.383942 0.829221 
0.368303 0.538108 0.177221 0.236311 0.83324 0.554509 0.644424 0.203259 0.966897 0.132307 0.647771 0.438632 0.137379 0.416164 0.596856 0.236114 0.501689 0.131304 0.658529 0.684997 0.527805 0.351382 0.75325 0.504097 0.735598 0.473635 0.71912 0.324893 0.303844 0.103062 0.154113 0.672148 0.64117 0.331334 0.908459 0.47441 0.885843 0.552882 0.677669 0.85274 0.685189 0.32544 0.291373 0.822568 0.741604 0.888228 0.0586822 0.243293 0.0195325 0.717212 0.92829 0.547337 0.068594 0.68154 0.0514344 0.804192 0.155175 0.770555 0.129085 0.459019 0.873617 0.283198 0.131167 0.514786 0.614533 0.0396253 0.989196 0.500376 0.592508 0.666865 0.353116 0.277697 0.992304 0.644489 0.100265 0.733908 0.532717 0.158947 0.977201 0.55225 0.876159 0.905491 0.099587 0.944753 0.587031 0.151021 0.748945 0.742205 0.921576 0.87803 0.201225 0.795193 0.161229 0.332391 0.309979 0.775762 0.372017 0.299175 0.276137 0.964524 
0.96604 0.629254 0.242221 0.958344 0.273743 0.342486 0.692252 0.80646 0.501434 0.669454 0.35871 0.377593 0.574945 0.458297 0.322346 0.161976 0.609318 0.071291 0.904181 0.530894 0.949322 0.105406 0.326087 0.11055 0.437797 0.636066 0.886312 0.809814 0.935241 0.162449 0.774338 0.901281 0.791703 0.0165592 0.859625 0.0654458 0.359046 0.551878 0.871906 0.860479 0.221331 0.230616 0.238072 0.796276 0.688912 0.560418 0.958252 0.29823 0.631709 0.862433 0.829124 0.58103 0.967838 0.155211 0.691581 0.405635 0.791277 0.577893 0.215449 0.726519 0.740342 0.989787 0.6278 0.532045 0.00634614 0.487425 0.597491 0.365392 0.0393027 0.469397 0.225871 0.260634 0.700012 0.463944 0.0569101 0.388925 0.0243614 0.0151618 0.687155 0.65607 0.877595 0.51628 0.237101 0.845433 0.671491 0.928681 0.251068 0.462768 0.506574 0.466517 0.189287 0.246916 0.456304 0.817087 0.778962 0.46265 0.304512 0.376453 0.828042 0.343814 
0.84585 0.0539135 0.604448 0.545862 0.517857 0.661358 0.934787 0.542218 0.67652 0.621942 0.198289 0.554115 0.138222 0.435389 0.399548 0.809713 0.364071 0.650616 0.272481 0.870645 0.117134 0.461768 0.117561 0.573438 0.278855 0.896523 0.0360882 0.583366 0.272975 0.86413 0.927181 0.118825 0.918044 0.531629 0.664687 0.435901 0.192987 0.599474 0.97812 0.869508 0.221416 0.176408 0.423622 0.359637 0.611797 0.82317 0.16935 0.975868 0.473786 0.441831 0.846513 0.59092 0.903599 0.964074 0.164358 0.182453 0.860597 0.200446 0.76582 0.133572 0.0645766 0.693 0.252396 0.982621 0.22463 0.917083 0.418522 0.417617 0.516557 0.396641 0.287125 0.737972 0.573049 0.710747 0.0976094 0.184847 0.533917 0.266959 0.160715 0.0077038 0.70879 0.00722807 0.598624 0.612388 0.971302 0.762982 0.794842 0.831899 0.963428 0.560662 0.96547 0.0280043 0.253662 0.217867 0.0106248 0.478292 0.13495 0.429147 0.895909 0.651507 
0.825788 0.183033 0.389479 0.398837 0.89378 0.487089 0.583684 0.427698 0.754048 0.744399 0.435401 0.462838 0.751627 0.0340252 0.0752261 0.722929 0.797007 0.870068 0.554828 0.760435 0.43073 0.520298 0.788439 0.684392 0.738165 0.799064 0.162683 0.873115 0.22821 0.0585919 0.524622 0.0539978 0.241625 0.914102 0.452835 0.135405 0.40119 0.0365188 0.563103 0.155238 0.780918 0.998504 0.618076 0.532545 0.0325293 0.693302 0.255474 0.829536 0.56337 0.810302 0.589971 0.994099 0.3306 0.37841 0.678491 0.0687652 0.177473 0.841174 0.941881 0.405683 0.899766 0.466503 0.459681 0.141391 0.380604 0.912516 0.276796 0.781795 0.949035 0.839899 0.937033 0.729953 0.838403 0.555109 0.262497 0.870933 0.248411 0.517971 0.700469 0.81178 0.328273 0.29044 0.80588 0.658873 0.668849 0.484371 0.727638 0.846322 0.325545 0.669519 0.252006 0.225311 0.136022 0.711687 0.366702 0.516626 0.624203 0.643499 0.298421 0.573238 
0.483398 0.235454 0.30319 0.321802 0.790562 0.565688 0.192734 0.0389727 0.0836588 0.893203 0.850753 0.411932 0.183643 0.656633 0.0708049 0.852492 0.141003 0.798443 0.698815 0.466548 0.467962 0.95082 0.69186 0.603983 0.662507 0.0585622 0.120609 0.28671 0.702061 0.41903 0.859947 0.185459 0.654484 0.163138 0.507261 0.445046 0.728825 0.699996 0.484019 0.812484 0.593199 0.334772 0.224416 0.776842 0.991404 0.295221 0.629334 0.132408 0.0936639 0.328149 0.598956 0.561626 0.278969 0.290816 0.165609 0.941476 0.349378 0.286219 0.228186 0.0514392 0.705249 0.0881332 0.236899 0.359732 0.251271 0.74416 0.804778 0.980096 0.444155 0.288797 0.79258 0.0373543 0.623568 0.0169962 0.814196 0.614972 0.312217 0.443531 0.74738 0.405881 0.77168 0.346336 0.967507 0.0506485 0.637152 0.133116 0.992124 0.98653 0.419334 0.22031 0.0379692 0.124583 0.308443 0.274868 0.484315 0.559714 0.0190275 0.289093 0.53981 0.463183 
0.57789 0.332391 0.500537 0.201458 0.349387 0.314734 0.81643 0.661604 0.758264 0.56381 0.067485 0.529944 0.910146 0.0349916 0.580592 0.547298 0.168107 0.572717 0.533828 0.587442 0.793027 0.571797 0.712025 0.10147 0.846665 0.19634 0.661185 0.865693 0.485433 0.200995 0.328876 0.0633229 0.533386 0.829413 0.264781 0.882773 0.144146 0.0812111 0.544377 0.902411 0.645021 0.611862 0.432355 0.555168 0.646854 0.012947 0.102466 0.814961 0.585664 0.636294 0.402403 0.378691 0.208091 0.114428 0.480161 0.0547566 0.310767 0.141346 0.920449 0.796201 0.342341 0.249325 0.859523 0.875727 0.0787375 0.124304 0.7585 0.222884 0.205515 0.302877 0.125295 0.850537 0.914739 0.557649 0.405704 0.561593 0.570596 0.50817 0.376554 0.15626 0.144465 0.778957 0.534951 0.352556 0.893384 0.0151123 0.407313 0.204152 0.156458 0.327762 0.000352208 0.4988 0.577087 0.859876 0.374527 0.655824 0.98418 0.133027 0.878708 0.189695 
0.435904 0.00400264 0.040232 0.350643 0.561652 0.445936 0.912236 0.132248 0.954107 0.28879 0.288508 0.0985715 0.0677463 0.823459 0.451127 0.96113 0.838571 0.85844 0.165282 0.99503 0.186202 0.165634 0.493829 0.763288 0.02551 0.868356 0.419112 0.00968989 0.00138326 0.29782 0.199385 0.437287 0.301823 0.239617 0.787931 0.863475 0.685554 0.700166 0.995723 0.639661 0.988956 0.284231 0.738232 0.0567024 0.10769 0.189359 0.0178329 0.946262 0.0477995 0.183115 0.941292 0.234001 0.348749 0.435121 0.997289 0.374259 0.303477 0.416402 0.383949 0.304861 0.714222 0.583334 0.742148 0.0160451 0.822952 0.530079 0.87952 0.508505 0.230245 0.875243 0.148166 0.219201 0.159474 0.886398 0.275904 0.267165 0.0757572 0.293736 0.213426 0.123557 0.476851 0.154718 0.357558 0.825601 0.589839 0.354847 0.19986 0.893317 0.771249 0.583809 0.198177 0.485471 0.167143 0.940325 0.501516 0.990095 0.470404 0.381036 0.4986 0.700649 
0.256279 0.646766 0.91985 0.415754 0.533164 0.195754 0.682918 0.608921 0.48949 0.896345 0.732478 0.966341 0.0510625 0.0900354 0.791942 0.640902 0.444883 0.991802 0.534218 0.216132 0.575611 0.732395 0.701603 0.742755 0.672721 0.20312 0.73285 0.143125 0.584156 0.23145 0.843774 0.840436 0.878216 0.763624 0.256189 0.411379 0.959377 0.939108 0.0203001 0.448868 0.835452 0.752778 0.415209 0.886515 0.842813 0.207151 0.527416 0.287696 0.198953 0.0616345 0.503828 0.774564 0.79403 0.205431 0.517319 0.466751 0.408551 0.250169 0.609876 0.992707 0.481618 0.453649 0.833143 0.359834 0.217273 0.0893325 0.771213 0.17665 0.0284401 0.791513 0.625518 0.863892 0.544291 0.0407269 0.750407 0.387104 0.247878 0.277823 0.6748 0.446831 0.339458 0.178627 0.221395 0.133488 0.384058 0.738714 0.600239 0.792609 0.988883 0.210114 0.785317 0.470501 0.663763 0.61846 0.830335 0.881036 0.707792 0.601549 0.0576866 0.736232 
0.393062 0.683205 0.600124 0.937353 0.723931 0.350531 0.324456 0.971809 0.628354 0.999256 0.41864 0.967812 0.177883 0.640036 0.1013 0.561942 0.37875 0.701538 0.354551 0.367633 0.911652 0.139868 0.838134 0.575415 0.758327 0.66847 0.456452 0.466119 0.270018 0.514138 0.202351 0.66308 0.197343 0.802476 0.600433 0.921274 0.153007 0.924889 0.893084 0.781361 0.924145 0.311724 0.749173 0.102028 0.95176 0.850473 0.66397 0.33051 0.552011 0.0185213 0.698143 0.463664 0.158389 0.536277 0.0390791 0.916716 0.204747 0.495531 0.382835 0.474765 0.00966891 0.585187 0.137845 0.207012 0.387663 0.738278 0.128286 0.54067 0.663167 0.0213694 0.322031 0.587312 0.333093 0.0712045 0.689341 0.284853 0.921678 0.353311 0.615363 0.473689 0.371832 0.313506 0.937353 0.530221 0.849784 0.976432 0.446937 0.0545309 0.471962 0.829773 0.529296 0.481631 0.414959 0.667142 0.688643 0.802622 0.40542 0.816929 0.343292 0.0685872 
0.838298 0.665323 0.6559 0.171392 0.736527 0.34524 0.456245 0.658205 0.698551 0.071608 0.131894 0.0703836 0.385114 0.0692465 0.600605 0.234898 0.0456782 0.0475421 0.289429 0.517641 0.877315 0.818725 0.999272 0.292274 0.485867 0.687915 0.0948958 0.891287 0.504844 0.438187 0.959874 0.343142 0.10351 0.615774 0.514534 0.840037 0.961014 0.970779 0.498242 0.659565 0.042387 0.630135 0.729949 0.427501 0.699382 0.330554 0.662399 0.74506 0.378096 0.951828 0.262701 0.25541 0.770553 0.261973 0.547684 0.25642 0.949888 0.64258 0.147707 0.454732 0.0807676 0.107581 0.797874 0.184277 0.723355 0.312408 0.0243144 0.684369 0.283187 0.522556 0.343934 0.325574 0.152692 0.0738828 0.753076 0.852073 0.404437 0.415475 0.597134 0.782532 0.367303 0.859834 0.0379429 0.137856 0.121807 0.585627 0.394275 0.0716954 0.228207 0.541982 0.526427 0.308975 0.649563 0.324302 0.493253 0.372918 0.63671 0.517567 0.0572864 0.919898 
0.0401231 0.40122 0.245472 0.192815 0.475103 0.998548 0.0448881 0.87954 0.414022 0.642022 0.662072 0.781325 0.501856 0.700015 0.919181 0.623664 0.285642 0.313456 0.695359 0.51385 0.855438 0.221786 0.822825 0.505001 0.546088 0.316077 0.877919 0.182798 0.833644 0.935206 0.102696 0.873767 0.336426 0.348168 0.0665821 0.811529 0.346716 0.11147 0.691069 0.760738 0.753492 0.353141 0.542063 0.255348 0.0531562 0.461244 0.879012 0.338799 0.7747 0.574371 0.852648 0.630138 0.796157 0.675473 0.13514 0.342245 0.991551 0.013059 0.525044 0.825195 0.948265 0.62774 0.698962 0.284691 0.975908 0.765544 0.0962199 0.322624 0.877015 0.787289 0.0833623 0.630507 0.14043 0.625426 0.885855 0.193586 0.0866697 0.764867 0.532385 0.86137 0.339238 0.385033 0.491508 0.135395 0.0605062 0.626648 0.47764 0.0520568 0.639707 0.00268414 0.877252 0.587972 0.630424 0.576214 0.872662 0.606332 0.341758 0.968882 0.928956 0.218773 
0.756171 0.0123186 0.84928 0.896601 0.637744 0.735135 0.090187 0.724414 0.500001 0.622572 0.585784 0.839239 0.0076047 0.0772918 0.974634 0.0681109 0.70394 0.452274 0.120168 0.343646 0.454958 0.997419 0.931618 0.085382 0.573634 0.80428 0.691714 0.915392 0.773162 0.62067 0.134165 0.529333 0.632989 0.983445 0.425934 0.270733 0.718579 0.516121 0.995147 0.218581 0.138693 0.580931 0.0578193 0.146298 0.658223 0.0324528 0.214409 0.362162 0.484727 0.334576 0.705809 0.939684 0.331996 0.637427 0.0250665 0.905629 0.441707 0.716781 0.821021 0.214869 0.337451 0.955187 0.744202 0.97044 0.938631 0.170137 0.241174 0.657211 0.686258 0.236321 0.875791 0.824951 0.817252 0.933611 0.971249 0.475475 0.966064 0.185657 0.837637 0.45079 0.520234 0.543446 0.390475 0.852229 0.180873 0.415541 0.757859 0.622579 0.132322 0.57888 0.837448 0.469773 0.534067 0.581651 0.440213 0.472698 0.751787 0.681387 0.129909 0.438045 
0.917708 0.00570055 0.262996 0.73496 0.939311 0.234245 0.210435 0.905375 0.419902 0.048072 0.356165 0.940136 0.591518 0.74664 0.792365 0.77239 0.162181 0.550224 0.39497 0.294503 0.129105 0.232418 0.764276 0.663171 0.814069 0.204489 0.13587 0.565856 0.885876 0.265779 0.00390116 0.803584 0.27148 0.266897 0.538544 0.210791 0.501142 0.748979 0.116166 0.921044 0.797051 0.472331 0.86118 0.388569 0.21897 0.653546 0.160959 0.381151 0.20377 0.555929 0.675654 0.332874 0.788347 0.439929 0.996046 0.602415 0.644419 0.131916 0.168271 0.530295 0.397695 0.172172 0.333879 0.669174 0.43907 0.872423 0.879965 0.940212 0.621401 0.996131 0.861256 0.418452 0.468461 0.722437 0.807021 0.687432 0.375982 0.96798 0.0685826 0.579752 0.523908 0.744236 0.912626 0.312255 0.184166 0.908672 0.91467 0.828584 0.0405878 0.0829412 0.358879 0.438282 0.255113 0.692758 0.107457 0.694183 0.56518 0.987422 0.634395 0.186582 
0.983553 0.495651 0.605034 0.452014 0.218088 0.412055 0.139446 0.59407 0.380034 0.208028 0.173822 0.903943 0.952264 0.0864485 0.216198 0.13643 0.995121 0.130868 0.965014 0.0357084 0.213809 0.323893 0.473991 0.468923 0.016651 0.581448 0.163106 0.581831 0.568869 0.797501 0.768413 0.552422 0.293152 0.373447 0.00443586 0.51124 0.785502 0.143881 0.10531 0.165536 0.35191 0.279133 0.0694786 0.304174 0.365581 0.285676 0.440604 0.360702 0.416544 0.405619 0.39641 0.630353 0.729512 0.870401 0.0992757 0.746163 0.451849 0.262381 0.327994 0.020718 0.0598819 0.0964075 0.57314 0.353034 0.469854 0.577576 0.864274 0.255356 0.721457 0.969584 0.420892 0.0733669 0.248717 0.49037 0.377541 0.614298 0.776047 0.818145 0.975 0.192591 0.223764 0.37141 0.822944 0.953276 0.241811 0.92222 0.699439 0.693659 0.184601 0.0274335 0.714377 0.244483 0.123841 0.287517 0.597517 0.593695 0.865093 0.461791 0.849051 0.58655 
0.431375 0.269943 0.659917 0.680092 0.760314 0.0374582 0.29439 0.536361 0.855604 0.269389 0.728951 0.0793678 0.640799 0.551895 0.0326439 0.88261 0.474115 0.732083 0.576269 0.658716 0.759517 0.290646 0.903199 0.883358 0.578164 0.500716 0.477053 0.443257 0.962507 0.326104 0.029807 0.393882 0.596048 0.689724 0.0739736 0.356362 0.727182 0.368363 0.892722 0.582786 0.637752 0.621674 0.662154 0.278551 0.173569 0.694798 0.161161 0.647684 0.426881 0.73743 0.3064 0.186397 0.0280765 0.209599 0.0697549 0.60624 0.710315 0.546808 0.0494969 0.672822 0.872912 0.0793039 0.0667035 0.46896 0.769028 0.140677 0.825322 0.49621 0.50904 0.718044 0.0789964 0.146793 0.339718 0.74115 0.425344 0.513287 0.435948 0.586505 0.160971 0.862829 0.323935 0.467372 0.0492261 0.352012 0.676971 0.118981 0.958252 0.387286 0.665789 0.00774903 0.0601076 0.538701 0.0870529 0.126811 0.00766145 0.856081 0.267488 0.832983 0.352291 0.776529 
0.551028 0.431288 0.923321 0.890746 0.172438 0.348666 0.404033 0.608386 0.935171 0.565004 0.471215 0.259106 0.0323761 0.520441 0.611118 0.709347 0.639422 0.56937 0.0966329 0.305211 0.577119 0.15674 0.843912 0.664172 0.283552 0.851573 0.520253 0.55104 0.684557 0.872545 0.327568 0.235585 0.303832 0.25089 0.12633 0.47627 0.599555 0.530363 0.0846559 0.534726 0.0953677 0.555871 0.793833 0.127744 0.0763112 0.404951 0.837091 0.715733 0.974321 0.933724 0.0209437 0.55144 0.0904641 0.864856 0.215613 0.374016 0.716429 0.735866 0.925055 0.400986 0.60841 0.252624 0.63657 0.912243 0.503513 0.762901 0.388513 0.103069 0.293264 0.473169 0.637795 0.388632 0.0290393 0.431627 0.516375 0.10535 0.836578 0.353466 0.821083 0.810899 0.28719 0.842027 0.362339 0.377654 0.706883 0.577952 0.751669 0.423312 0.313818 0.676725 0.824298 0.922228 0.929348 0.460868 0.834471 0.432862 0.223769 0.222984 0.53593 0.517033 
0.696153 0.173725 0.905665 0.725192 0.605352 0.42204 0.830543 0.44193 0.775506 0.651626 0.25283 0.0626958 0.493653 0.615169 0.44035 0.200536 0.193121 0.192019 0.623848 0.506939 0.868744 0.448146 0.429168 0.798092 0.909014 0.263639 0.230954 0.132783 0.486623 0.766884 0.649816 0.182776 0.940609 0.555481 0.907968 0.545962 0.977521 0.73851 0.987892 0.753027 0.390136 0.240722 0.815723 0.88379 0.855891 0.256072 0.0843255 0.0490119 0.448091 0.708173 0.555951 0.316835 0.156319 0.985119 0.114927 0.0653335 0.248758 0.345881 0.198117 0.735381 0.112765 0.847933 0.918156 0.0533744 0.403414 0.826124 0.599336 0.380935 0.564634 0.587228 0.133961 0.954771 0.82795 0.949684 0.83856 0.683841 0.205756 0.922886 0.732853 0.653847 0.631059 0.288804 0.970682 0.787379 0.273923 0.0856091 0.852712 0.52268 0.43149 0.0508288 0.258061 0.544255 0.898762 0.176217 0.597629 0.302175 0.00234162 0.196965 0.68311 0.566976 
0.784194 0.817071 0.521747 0.612143 0.766755 0.360307 0.295984 0.972511 0.283193 0.0288366 0.626359 0.914253 0.31764 0.597041 0.701631 0.591563 0.68265 0.554344 0.114243 0.11414 0.605172 0.372304 0.658395 0.503934 0.548522 0.256024 0.80611 0.550863 0.45299 0.489219 0.11784 0.237183 0.306291 0.639587 0.849327 0.0730461 0.999894 0.145311 0.0455575 0.283087 0.174147 0.671916 0.19734 0.491788 0.268957 0.898971 0.0833505 0.951607 0.453315 0.197594 0.0657468 0.0584874 0.569898 0.724142 0.562422 0.11842 0.980166 0.368531 0.669283 0.433155 0.857751 0.787123 0.670339 0.164041 0.42671 0.519665 0.237087 0.426603 0.664976 0.282645 0.709691 0.839124 0.954561 0.907031 0.330911 0.223518 0.806002 0.414262 0.175125 0.259317 0.611856 0.240872 0.317805 0.181754 0.965013 0.880226 0.300174 0.945179 0.248757 0.969457 0.378335 0.106508 0.75658 0.0486735 0.270549 0.18329 0.568339 0.507636 0.609893 0.233315 
0.790281 0.319584 0.0724388 0.744842 0.226615 0.40335 0.96836 0.0326168 0.817612 0.143485 0.291934 0.429467 0.384357 0.609739 0.611221 0.349371 0.489965 0.911395 0.29455 0.738722 0.880852 0.672885 0.84523 0.637432 0.721558 0.115779 0.820722 0.289897 0.623415 0.430615 0.523212 0.413696 0.750199 0.595651 0.158539 0.976814 0.999001 0.126899 0.00943074 0.816613 0.270384 0.301365 0.24608 0.654742 0.911104 0.857301 0.00411223 0.401068 0.768697 0.298662 0.139791 0.649549 0.971547 0.985021 0.286981 0.693105 0.1008 0.107703 0.983002 0.724215 0.538319 0.506214 0.137911 0.288518 0.101865 0.29645 0.265332 0.100866 0.423349 0.274763 0.917479 0.693733 0.576127 0.163559 0.348475 0.487231 0.0208603 0.352587 0.888299 0.789557 0.651249 0.0280901 0.439106 0.622796 0.0131107 0.726087 0.315901 0.11391 0.83379 0.298903 0.838125 0.372109 0.805117 0.976036 0.660627 0.906982 0.272486 0.925959 0.00784737 0.695835 
0.200722 0.925326 0.389569 0.776849 0.0888848 0.738044 0.26408 0.109745 0.0906311 0.15238 0.899302 0.74188 0.18047 0.338408 0.364677 0.19358 0.0644946 0.680577 0.307491 0.898285 0.97948 0.145616 0.270394 0.784597 0.121652 0.931021 0.691578 0.394138 0.85698 0.699426 0.0899738 0.0577018 0.624752 0.479543 0.834551 0.713636 0.217586 0.098631 0.823381 0.308218 0.25101 0.722683 0.050098 0.43148 0.0610911 0.414775 0.62506 0.125586 0.0953519 0.932551 0.0238705 0.074832 0.0781665 0.294265 0.859429 0.199819 0.225286 0.551007 0.593957 0.0822658 0.250433 0.683931 0.139968 0.875184 0.163473 0.974518 0.588821 0.38106 0.0731494 0.412202 0.689277 0.32416 0.134885 0.739375 0.75564 0.195977 0.15415 0.3807 0.321562 0.249502 0.313251 0.345433 0.324334 0.391418 0.639697 0.183762 0.591236 0.864983 0.734769 0.185193 0.947249 0.985202 0.869124 0.0872163 0.860386 0.0325972 0.0617347 0.449207 0.413657 0.134884 
0.861409 0.102934 0.459044 0.996294 0.84231 0.214684 0.192271 0.996459 0.595384 0.513833 0.245961 0.908636 0.859266 0.570295 0.300053 0.498963 0.754057 0.891289 0.363946 0.488827 0.0764826 0.311194 0.474029 0.945607 0.398411 0.334415 0.978204 0.460145 0.783622 0.391861 0.595029 0.64503 0.494795 0.0540735 0.641325 0.337104 0.268758 0.833595 0.333564 0.864142 0.347428 0.579525 0.772778 0.206694 0.14982 0.0728307 0.705656 0.903877 0.96412 0.069602 0.392704 0.0406029 0.380796 0.866732 0.986209 0.779207 0.201147 0.964413 0.239352 0.984769 0.356274 0.834382 0.629799 0.851069 0.888455 0.271124 0.188173 0.157213 0.104719 0.521737 0.0213546 0.452148 0.101262 0.794132 0.658841 0.251082 0.866963 0.364498 0.154959 0.831083 0.4341 0.547662 0.871686 0.814896 0.414395 0.857895 0.594103 0.615542 0.822308 0.833455 0.600311 0.178582 0.667836 0.230111 0.0296509 0.556291 0.501235 0.217824 0.713504 0.605954 
0.739561 0.734858 0.0581015 0.840823 0.528991 0.716943 0.0919045 0.395953 0.0814402 0.246863 0.227036 0.51554 0.794525 0.0987224 0.330436 0.20892 0.956618 0.924538 0.824462 0.778926 0.757993 0.424773 0.957508 0.425829 0.654884 0.987159 0.98212 0.156119 0.204983 0.695624 0.762073 0.944544 0.430482 0.820174 0.785367 0.959473 0.537117 0.877272 0.355426 0.618557 0.124135 0.582462 0.134097 0.91866 0.681185 0.464532 0.12758 0.637803 0.38907 0.952043 0.416729 0.147063 0.376816 0.374237 0.572892 0.0316998 0.361396 0.555012 0.187818 0.56638 0.250636 0.949891 0.510924 0.681118 0.770065 0.296291 0.64059 0.307182 0.173563 0.996016 0.925739 0.297698 0.578479 0.0598353 0.216358 0.259664 0.524368 0.343939 0.897466 0.913438 0.295981 0.314195 0.060501 0.672797 0.688432 0.633393 0.704497 0.0498282 0.188405 0.892315 0.616208 0.43904 0.842206 0.127132 0.120158 0.612271 0.423423 0.760748 0.919453 0.596986 
0.756765 0.845191 0.894684 0.335244 0.905027 0.111043 0.594907 0.429394 0.454981 0.492374 0.342832 0.750963 0.806569 0.403333 0.42376 0.495001 0.0367259 0.128256 0.544829 0.22513 0.0205717 0.161037 0.664171 0.862778 0.288168 0.784328 0.475049 0.711592 0.545077 0.394502 0.308578 0.301841 0.239693 0.203262 0.637085 0.14472 0.314305 0.231992 0.574114 0.769286 0.724366 0.916946 0.520249 0.530935 0.32028 0.944009 0.0259358 0.357005 0.0722651 0.570765 0.582136 0.0928368 0.731801 0.246307 0.955615 0.0199698 0.0306349 0.430664 0.731561 0.575712 0.825166 0.0401394 0.877553 0.064859 0.243402 0.514638 0.209579 0.557707 0.74663 0.783693 0.326993 0.470997 0.70064 0.847242 0.00193163 0.020919 0.791251 0.0278674 0.377924 0.863516 0.598632 0.96006 0.956353 0.330433 0.206367 0.911968 0.350403 0.237002 0.342632 0.0819647 0.812713 0.167797 0.122104 0.690266 0.232656 0.365506 0.204904 0.442235 0.923213 0.951535 
0.225928 0.250206 0.422531 0.926568 0.0974486 0.424463 0.947487 0.8887 0.45233 0.325411 0.752216 0.0509622 0.285472 0.708569 0.381396 0.491839 0.620536 0.731799 0.72884 0.963168 0.813764 0.541554 0.130965 0.935868 0.23182 0.363622 0.301374 0.436724 0.805857 0.224587 0.388259 0.0317853 0.474793 0.81079 0.958353 0.572241 0.235253 0.90584 0.460941 0.687583 0.231252 0.213157 0.738545 0.516723 0.921725 0.119941 0.00856207 0.542262 0.85174 0.737403 0.50543 0.665503 0.278956 0.636395 0.601371 0.510776 1.63345e-05 0.902745 0.947501 0.805873 0.127331 0.335759 0.837658 0.602124 0.146549 0.796012 0.174366 0.381802 0.701852 0.635307 0.0693846 0.933104 0.848463 0.80793 0.449827 0.770189 0.92787 0.458389 0.312451 0.77961 0.195792 0.81788 0.445113 0.474748 0.454275 0.0464842 0.985524 0.454291 0.949229 0.933025 0.260164 0.0765605 0.268785 0.0978229 0.678685 0.415334 0.893835 0.85305 0.797136 0.595687 
0.488357 0.86652 0.52879 0.33682 0.67445 0.978617 0.107009 0.60232 0.437006 0.41946 0.38193 0.632798 0.23734 0.827043 0.107546 0.691615 0.873527 0.0930703 0.145906 0.822757 0.0260955 0.40607 0.899317 0.29488 0.503893 0.578002 0.710214 0.397728 0.431052 0.50735 0.993414 0.919409 0.37387 0.522205 0.256229 0.0483202 0.500822 0.363238 0.65064 0.937828 0.782698 0.0325705 0.570626 0.0200372 0.859614 0.678172 0.711652 0.733141 0.771242 0.857558 0.555898 0.797338 0.263628 0.455215 0.0922179 0.767521 0.0332165 0.802432 0.165249 0.464268 0.309782 0.158664 0.383677 0.683652 0.680868 0.639906 0.731972 0.18169 0.00314415 0.382612 0.119519 0.785842 0.415183 0.690145 0.805879 0.274797 0.368317 0.517531 0.00793773 0.139559 0.375088 0.563835 0.936897 0.638716 0.0190503 0.0291148 0.406238 0.0522667 0.831547 0.571487 0.516535 0.141328 0.73015 0.900212 0.82498 0.411019 0.540119 0.556952 0.592709 0.543263 
0.939564 0.712228 0.329104 0.354747 0.402372 0.134983 0.629544 0.770689 0.652514 0.637481 0.910248 0.0276022 0.201317 0.847145 0.666319 0.220367 0.87626 0.0725562 0.272634 0.707807 0.644043 0.789169 0.849135 0.374193 0.689381 0.674115 0.785212 0.2295 0.231067 0.377921 0.772762 0.170631 0.0901489 0.101867 0.525378 0.492521 0.23685 0.154921 0.26321 0.889364 0.792403 0.173458 0.916966 0.993719 0.0206033 0.583285 0.214086 0.896863 0.655841 0.48672 0.60467 0.299884 0.275889 0.453805 0.674077 0.96527 0.127919 0.459289 0.19477 0.358986 0.837211 0.967532 0.529617 0.927359 0.0693989 0.0549943 0.419881 0.306249 0.209916 0.683091 0.195612 0.00231813 0.856549 0.112578 0.996037 0.877152 0.695863 0.210124 0.774015 0.351704 0.696844 0.378685 0.651587 0.972732 0.83249 0.325664 0.938003 0.960409 0.784954 0.132772 0.319395 0.622164 0.100304 0.849011 0.549524 0.169703 0.904006 0.969404 0.475952 0.113921 
0.652495 0.671565 0.116239 0.509044 0.784143 0.112277 0.386196 0.480006 0.3224 0.160211 0.831709 0.019244 0.538896 0.483297 0.991976 0.371386 0.808961 0.929979 0.331795 0.593915 0.0627512 0.651189 0.216079 0.163056 0.500201 0.765603 0.332759 0.404206 0.735007 0.808711 0.518128 0.387502 0.480276 0.634367 0.896546 0.264419 0.746644 0.282741 0.744424 0.0690442 0.442953 0.576134 0.0882882 0.981849 0.0594307 0.0802647 0.353235 0.868392 0.0102436 0.685029 0.462307 0.0729949 0.336219 0.678386 0.236051 0.83642 0.443989 0.56881 0.240626 0.178996 0.377521 0.758754 0.566498 0.857796 0.393121 0.463043 0.122215 0.139765 0.745785 0.866639 0.208809 0.188737 0.442773 0.297097 0.170586 0.502204 0.377362 0.523821 0.370595 0.387605 0.20885 0.832902 0.4606 0.545069 0.511288 0.696651 0.381489 0.955277 0.26546 0.622115 0.134272 0.642981 0.380869 0.70077 0.500777 0.773989 0.163813 0.622992 0.913754 0.909598 
0.489631 0.122563 0.0983353 0.932404 0.41966 0.268921 0.434608 0.797021 0.792742 0.805203 0.184627 0.00159261 0.638105 0.645227 0.546662 0.149393 0.341878 0.92815 0.10467 0.607338 0.550265 0.238943 0.250319 0.931134 0.939713 0.751096 0.705123 0.103526 0.374088 0.618877 0.0131239 0.863719 0.74144 0.111459 0.796123 0.161099 0.380381 0.23073 0.958121 0.173123 0.0359335 0.142748 0.174716 0.674039 0.787975 0.721377 0.823432 0.129852 0.649528 0.928102 0.73719 0.199793 0.167045 0.987509 0.130927 0.106757 0.738605 0.83605 0.210283 0.112694 0.454927 0.223407 0.976412 0.196366 0.334866 0.772535 0.357466 0.715247 0.00326581 0.315587 0.88837 0.0391993 0.458334 0.0630857 0.713238 0.246309 0.784463 0.53667 0.376161 0.433991 0.464772 0.113351 0.633784 0.631817 0.10086 0.764711 0.738574 0.839466 0.600761 0.948858 0.952159 0.0556877 0.172265 0.928572 0.252054 0.507131 0.701107 0.60952 0.222378 0.704373 
0.925106 0.110748 0.743572 0.383441 0.173834 0.45681 0.629749 0.958297 0.993481 0.00590996 0.392288 0.458253 0.119261 0.0260721 0.0900699 0.220122 0.790783 0.828644 0.0595876 0.391544 0.777502 0.011747 0.447232 0.949767 0.940319 0.699286 0.456898 0.641426 0.308806 0.679276 0.3458 0.233912 0.790024 0.0893721 0.617353 0.963858 0.546183 0.247102 0.922155 0.539663 0.253012 0.314443 0.997916 0.372273 0.340516 0.0879858 0.592394 0.131299 0.91663 0.651982 0.522842 0.694132 0.663729 0.970074 0.643899 0.604048 0.66936 0.100796 0.245474 0.978165 0.780072 0.591274 0.212077 0.570097 0.680646 0.82943 0.533955 0.226829 0.0765316 0.45611 0.766492 0.329543 0.770554 0.764408 0.701816 0.111069 0.852393 0.29421 0.242368 0.769024 0.946192 0.765211 0.463155 0.609921 0.735285 0.107054 0.213969 0.404644 0.20785 0.459444 0.38281 0.987923 0.0507176 0.594887 0.558019 0.731364 0.424317 0.0919743 0.958192 0.500849 
0.548085 0.724684 0.830392 0.318639 0.489092 0.532208 0.429708 0.341485 0.826418 0.672076 0.110509 0.77261 0.437287 0.573664 0.382532 0.172571 0.680718 0.596501 0.577216 0.888568 0.0559444 0.960026 0.876491 0.106662 0.554913 0.43451 0.838026 0.979229 0.526485 0.796218 0.480078 0.0745693 0.520902 0.31047 0.393208 0.00999333 0.842678 0.822916 0.351478 0.669096 0.494992 0.461987 0.441706 0.932279 0.0356509 0.824238 0.10485 0.716369 0.420738 0.682066 0.604937 0.476683 0.642092 0.481428 0.583345 0.197004 0.915939 0.42137 0.176234 0.442423 0.217588 0.656312 0.516993 0.73849 0.966782 0.910201 0.748483 0.809459 0.733117 0.0999618 0.478555 0.228109 0.561949 0.920261 0.160388 0.5976 0.744498 0.265238 0.313969 0.165237 0.947304 0.918906 0.641919 0.589396 0.400334 0.225264 0.786401 0.316273 0.646635 0.962634 0.758696 0.864223 0.618946 0.275689 0.602713 0.585728 0.185889 0.351196 0.395187 0.919006 
